-1.214218596846870085e-01 9.998332570021056798e-01 1.470672227466897114e-04
-1.009899921750735396e-01 9.999604242924146069e-01 1.470672227466897114e-04
-8.055812513839542832e-02 1.000033360897718548e+00 1.470672227466897114e-04
-6.012625832727281489e-02 1.000134006324780778e+00 1.470672227466897114e-04
-3.969439198181175243e-02 9.999780944078646705e-01 1.470672227466897114e-04
-1.926252610928751163e-02 9.994254147628667262e-01 1.470672227466897114e-04
1.169339537681221520e-03 9.990931470074340126e-01 1.470672227466897114e-04
2.160120471899135489e-02 9.993908866064378227e-01 1.470672227466897114e-04
4.203306942736171475e-02 1.000021712005222607e+00 1.470672227466897114e-04
6.246503391093936874e-02 9.998513320055808506e-01 1.470672227466897114e-04
8.289679792733282981e-02 9.999519830695683398e-01 1.470672227466897114e-04
1.033286614715507867e-01 9.999722619017552550e-01 1.470672227466897114e-04
1.237606247909760343e-01 1.000040700543773475e+00 1.470672227466897114e-04
-1.238958604930825019e-01 9.998438930061077645e-01 1.470672227466897114e-04
-1.034641872806384144e-01 1.000029979589609264e+00 1.470672227466897114e-04
-8.303271407699518158e-02 9.999180008015156051e-01 1.470672227466897114e-04
-6.260114109814467198e-02 1.000070866715468298e+00 1.470672227466897114e-04
-4.216946800211669732e-02 1.000097888253519196e+00 1.470672227466897114e-04
-2.173799503130572144e-02 9.993361375401275115e-01 1.470672227466897114e-04
-1.306422168871325352e-03 9.987265360573907014e-01 1.470672227466897114e-04
1.912525069432438954e-02 9.994458703603116279e-01 1.470672227466897114e-04
3.955672343230901694e-02 1.000293777783673121e+00 1.470672227466897114e-04
5.998829617832728694e-02 1.000246533323797316e+00 1.470672227466897114e-04
8.041996880869665965e-02 1.000309987985235960e+00 1.470672227466897114e-04
1.008514414302592588e-01 9.998848287042654270e-01 1.470672227466897114e-04
1.212830139434511734e-01 1.000090479732415050e+00 1.470672227466897114e-04
-1.264747316212535277e-01 1.000149224248664259e+00 1.470672227466897114e-04
-1.060429320981867152e-01 1.000164272455177805e+00 1.470672227466897114e-04
-8.561133222739414350e-02 1.000239729808527933e+00 1.470672227466897114e-04
-6.517963223943004647e-02 1.000299835380264568e+00 1.470672227466897114e-04
-4.474793190948988392e-02 1.000044796784919310e+00 1.470672227466897114e-04
-2.431623133945695278e-02 9.996277763349544765e-01 1.470672227466897114e-04
-3.884530543852289346e-03 9.992275883781049917e-01 1.470672227466897114e-04
1.654717060826126421e-02 9.992211065506462209e-01 1.470672227466897114e-04
3.697887187680275189e-02 9.999213625568551533e-01 1.470672227466897114e-04
5.741067348806390414e-02 9.997377832687587285e-01 1.470672227466897114e-04
