-0.2486062626 0.999926156 4.816441862e-05
-0.2462333051 0.999867945 4.816441862e-05
-0.2438603476 1.000153366 4.816441862e-05
-0.2414873902 1.00002287 4.816441862e-05
-0.2391144327 0.99988273 4.816441862e-05
-0.2367414752 1.00008713 4.816441862e-05
-0.2343685177 0.9998660475 4.816441862e-05
-0.2319955603 0.9999267333 4.816441862e-05
-0.2296226028 0.9999712125 4.816441862e-05
-0.2272496453 1.00006834 4.816441862e-05
-0.2248766879 1.000005887 4.816441862e-05
-0.2225037304 1.000169897 4.816441862e-05
-0.2201307729 0.9998942433 4.816441862e-05
-0.2177578155 1.00025142 4.816441862e-05
-0.215384858 1.000083662 4.816441862e-05
-0.2130119005 0.9999686325 4.816441862e-05
-0.2106389431 1.00010393 4.816441862e-05
-0.2082659856 0.9997598967 4.816441862e-05
-0.2058930281 1.00001172 4.816441862e-05
-0.2035200706 1.00013844 4.816441862e-05
-0.2011471132 1.000065835 4.816441862e-05
-0.1987741557 0.99994828 4.816441862e-05
-0.1964011982 0.9997788025 4.816441862e-05
-0.1940282408 1.000133563 4.816441862e-05
-0.1916552833 1.000046207 4.816441862e-05
-0.1892823258 0.9999057425 4.816441862e-05
-0.1869093684 1.00013313 4.816441862e-05
-0.1845364109 0.9999103 4.816441862e-05
-0.1821634534 1.000136285 4.816441862e-05
-0.179790496 1.000052158 4.816441862e-05
-0.1774175385 0.999883725 4.816441862e-05
-0.175044581 0.9999066633 4.816441862e-05
-0.1726716235 1.000171975 4.816441862e-05
-0.1702986661 0.999952712 4.816441862e-05
-0.1679257086 1.000029403 4.816441862e-05
-0.1655527511 1.000017348 4.816441862e-05
-0.1631797937 1.000020862 4.816441862e-05
-0.1608068362 0.9999086125 4.816441862e-05
-0.1584338787 0.9998885825 4.816441862e-05
-0.1560609213 1.000059588 4.816441862e-05
-0.1536879638 0.9999206725 4.816441862e-05
-0.1513150063 0.9996855933 4.816441862e-05
-0.1489420489 0.99987625 4.816441862e-05
-0.1465690914 0.9999305467 4.816441862e-05
-0.1441961339 0.99992163 4.816441862e-05
-0.1418231764 1.00000471 4.816441862e-05
-0.139450219 1.000030065 4.816441862e-05
-0.1370772615 0.9998753475 4.816441862e-05
-0.134704304 1.000038758 4.816441862e-05
-0.1323313466 0.999982702 4.816441862e-05
-0.1299583891 1.00004724 4.816441862e-05
-0.1275854316 0.9999570533 4.816441862e-05
-0.1252124742 1.000081213 4.816441862e-05
-0.1228395167 0.99996552 4.816441862e-05
-0.1204665592 1.00011536 4.816441862e-05
-0.1180936017 1.00008593 4.816441862e-05
-0.1157206443 0.99992707 4.816441862e-05
-0.1133476868 1.000073232 4.816441862e-05
-0.1109747293 1.000053283 4.816441862e-05
-0.1086017719 1.000046446 4.816441862e-05
-0.1062288144 0.99990028 4.816441862e-05
-0.1038558569 1.00006544 4.816441862e-05
-0.1014828995 1.000062462 4.816441862e-05
-0.09910994199 0.999975596 4.816441862e-05
-0.09673698453 0.9999358 4.816441862e-05
-0.09436402706 1.000125507 4.816441862e-05
-0.09199106959 1.000034343 4.816441862e-05
-0.08961811212 1.000147284 4.816441862e-05
-0.08724515465 0.9999997325 4.816441862e-05
-0.08487219718 1.000093933 4.816441862e-05
-0.08249923971 1.000017676 4.816441862e-05
-0.08012628224 1.000036928 4.816441862e-05
-0.07775332477 1.000013168 4.816441862e-05
-0.0753803673 0.99992284 4.816441862e-05
-0.07300740983 1.000121202 4.816441862e-05
-0.07063445236 0.999988965 4.816441862e-05
-0.06826149489 1.000228062 4.816441862e-05
-0.06588853742 1.000049757 4.816441862e-05
-0.06351557995 1.000105852 4.816441862e-05
-0.06114262248 0.9999582733 4.816441862e-05
-0.05876966501 0.99995474 4.816441862e-05
-0.05639670755 1.0000793 4.816441862e-05
-0.05402375008 0.99997924 4.816441862e-05
-0.05165079261 1.000008 4.816441862e-05
-0.04927783514 0.999974858 4.816441862e-05
-0.04690487767 1.00013489 4.816441862e-05
-0.0445319202 0.999954695 4.816441862e-05
-0.04215896273 0.999933604 4.816441862e-05
-0.03978600526 1.000096337 4.816441862e-05
-0.03741304779 1.000028242 4.816441862e-05
-0.03504009032 1.000162992 4.816441862e-05
-0.03266713285 0.9999347225 4.816441862e-05
-0.03029417538 1.00002432 4.816441862e-05
-0.02792121791 0.9999275875 4.816441862e-05
-0.02554826044 1.000077877 4.816441862e-05
-0.02317530297 0.999987025 4.816441862e-05
-0.0208023455 1.000007455 4.816441862e-05
-0.01842938804 1.000042623 4.816441862e-05
-0.01605643057 1.000004982 4.816441862e-05
-0.0136834731 0.9999926533 4.816441862e-05
-0.01131051563 1.000016532 4.816441862e-05
-0.008937558158 1.000014745 4.816441862e-05
-0.006564600689 0.9995233675 4.816441862e-05
-0.004191643219 0.999366966 4.816441862e-05
-0.00181868575 0.9992116133 4.816441862e-05
0.0005542717195 0.999301455 4.816441862e-05
0.002927229189 0.999320966 4.816441862e-05
0.005300186658 0.999492115 4.816441862e-05
0.007673144128 0.9998189367 4.816441862e-05
0.0100461016 0.9999497475 4.816441862e-05
0.01241905907 0.99989972 4.816441862e-05
0.01479201654 1.000106267 4.816441862e-05
0.01716497401 1.000038063 4.816441862e-05
0.01953793147 0.999990835 4.816441862e-05
0.02191088894 1.000040805 4.816441862e-05
0.02428384641 1.000131015 4.816441862e-05
0.02665680388 0.9998968633 4.816441862e-05
0.02902976135 1.000075002 4.816441862e-05
0.03140271882 1.00007879 4.816441862e-05
0.03377567629 1.000039613 4.816441862e-05
0.03614863376 1.000068863 4.816441862e-05
0.03852159123 1.000190612 4.816441862e-05
0.0408945487 0.9999832575 4.816441862e-05
0.04326750617 1.000095735 4.816441862e-05
0.04564046364 0.9999098475 4.816441862e-05
0.04801342111 0.99992091 4.816441862e-05
0.05038637858 0.99997846 4.816441862e-05
0.05275933605 1.000017683 4.816441862e-05
0.05513229352 1.000012286 4.816441862e-05
0.05750525098 0.9999961075 4.816441862e-05
0.05987820845 0.999979785 4.816441862e-05
0.06225116592 0.999945462 4.816441862e-05
0.06462412339 1.000005644 4.816441862e-05
0.06699708086 0.99991077 4.816441862e-05
0.06937003833 0.999957238 4.816441862e-05
0.0717429958 1.00003019 4.816441862e-05
0.07411595327 1.0002057 4.816441862e-05
0.07648891074 0.9999981275 4.816441862e-05
0.07886186821 0.999993575 4.816441862e-05
0.08123482568 0.99998324 4.816441862e-05
0.08360778315 1.000110927 4.816441862e-05
0.08598074062 1.000076784 4.816441862e-05
0.08835369809 0.999942092 4.816441862e-05
0.09072665556 1.000077692 4.816441862e-05
0.09309961303 1.000073833 4.816441862e-05
0.09547257049 1.000201128 4.816441862e-05
0.09784552796 0.9999302967 4.816441862e-05
0.1002184854 0.999918726 4.816441862e-05
0.1025914429 0.999993972 4.816441862e-05
0.1049644004 1.000006757 4.816441862e-05
0.1073373578 1.000032208 4.816441862e-05
0.1097103153 1.000070955 4.816441862e-05
0.1120832728 1.000118988 4.816441862e-05
0.1144562302 0.999937972 4.816441862e-05
0.1168291877 1.000047537 4.816441862e-05
0.1192021452 1.00004716 4.816441862e-05
0.1215751027 1.000065972 4.816441862e-05
0.1239480601 1.00002056 4.816441862e-05
0.1263210176 1.000078283 4.816441862e-05
0.1286939751 1.000057646 4.816441862e-05
0.1310669325 1.000065327 4.816441862e-05
0.13343989 0.999923725 4.816441862e-05
0.1358128475 0.999982828 4.816441862e-05
0.1381858049 1.000079058 4.816441862e-05
0.1405587624 0.9999162125 4.816441862e-05
0.1429317199 0.999952395 4.816441862e-05
0.1453046774 0.9999516975 4.816441862e-05
0.1476776348 1.000010623 4.816441862e-05
0.1500505923 0.9998972 4.816441862e-05
0.1524235498 1.000056177 4.816441862e-05
0.1547965072 0.999885255 4.816441862e-05
0.1571694647 1.000018848 4.816441862e-05
0.1595424222 1.0000076 4.816441862e-05
0.1619153796 1.000012664 4.816441862e-05
0.1642883371 1.000160007 4.816441862e-05
0.1666612946 1.00006818 4.816441862e-05
0.169034252 0.99980247 4.816441862e-05
0.1714072095 0.999887635 4.816441862e-05
0.173780167 1.00000396 4.816441862e-05
0.1761531245 0.9999717233 4.816441862e-05
0.1785260819 0.999996965 4.816441862e-05
0.1808990394 1.00003564 4.816441862e-05
0.1832719969 0.99995786 4.816441862e-05
0.1856449543 1.00000246 4.816441862e-05
0.1880179118 1.000029236 4.816441862e-05
0.1903908693 0.99999815 4.816441862e-05
0.1927638267 0.99989345 4.816441862e-05
0.1951367842 0.9999105575 4.816441862e-05
0.1975097417 1.000019447 4.816441862e-05
0.1998826991 1.000048078 4.816441862e-05
0.2022556566 0.999982364 4.816441862e-05
0.2046286141 1.00017301 4.816441862e-05
0.2070015716 0.9999615425 4.816441862e-05
0.209374529 1.00014813 4.816441862e-05
0.2117474865 0.9998878067 4.816441862e-05
0.214120444 1.000012235 4.816441862e-05
0.2164934014 0.9999744025 4.816441862e-05
0.2188663589 1.000056797 4.816441862e-05
0.2212393164 1.000008002 4.816441862e-05
0.2236122738 1.000242778 4.816441862e-05
0.2259852313 1.000042968 4.816441862e-05
0.2283581888 1.000033616 4.816441862e-05
0.2307311462 0.9998192675 4.816441862e-05
0.2331041037 0.9999725 4.816441862e-05
0.2354770612 0.9999971725 4.816441862e-05
0.2378500187 1.000199434 4.816441862e-05
0.2402229761 1.00011234 4.816441862e-05
0.2425959336 0.9999205375 4.816441862e-05
0.2449688911 0.9999856 4.816441862e-05
0.2473418485 1.00013401 4.816441862e-05
0.249714806 0.9998929475 4.816441862e-05
0.2520877635 0.9999802367 4.816441862e-05
0.2544607209 1.00004759 4.816441862e-05
0.2568336784 0.99994979 4.816441862e-05
0.2592066359 1.00008604 4.816441862e-05
0.2615795934 1.000141255 4.816441862e-05
0.2639525508 0.99995335 4.816441862e-05
0.2663255083 1.0001227 4.816441862e-05
0.2686984658 1.000181253 4.816441862e-05
0.2710714232 0.999925835 4.816441862e-05
0.2734443807 1.000172973 4.816441862e-05
0.2758173382 1.000041975 4.816441862e-05
0.2781902956 1.000011405 4.816441862e-05
0.2805632531 1.000097096 4.816441862e-05
0.2829362106 1.00025714 4.816441862e-05
0.285309168 1.00000877 4.816441862e-05
0.2876821255 1.000049492 4.816441862e-05
0.290055083 1.000071843 4.816441862e-05
0.2924280405 1.000025247 4.816441862e-05
0.2948009979 0.9998844333 4.816441862e-05
0.2971739554 0.99991239 4.816441862e-05
0.2995469129 0.99994603 4.816441862e-05
0.3019198703 1.000112564 4.816441862e-05
0.3042928278 1.00032229 4.816441862e-05
0.3066657853 0.9999576733 4.816441862e-05
0.3090387427 1.000079202 4.816441862e-05
0.3114117002 1.00032883 4.816441862e-05
0.3137846577 0.999879954 4.816441862e-05
0.3161576151 1.000002975 4.816441862e-05
0.3185305726 0.999944315 4.816441862e-05
0.3209035301 0.999921986 4.816441862e-05
0.3232764876 0.9999688925 4.816441862e-05
0.325649445 1.000081232 4.816441862e-05
0.3280224025 0.99994314 4.816441862e-05
0.33039536 0.9999261925 4.816441862e-05
0.3327683174 0.999820352 4.816441862e-05
0.3351412749 0.99993767 4.816441862e-05
0.3375142324 0.9998259875 4.816441862e-05
0.3398871898 0.99984993 4.816441862e-05
0.3422601473 1.000011704 4.816441862e-05
0.3446331048 0.99999246 4.816441862e-05
0.3470060622 0.9999685025 4.816441862e-05
0.3493790197 0.9999096125 4.816441862e-05
0.3517519772 0.9998323833 4.816441862e-05
0.3541249347 1.000088532 4.816441862e-05
0.3564978921 0.9998071825 4.816441862e-05
0.3588708496 1.000069992 4.816441862e-05
0.3612438071 1.000062522 4.816441862e-05
0.3636167645 1.000044483 4.816441862e-05
0.365989722 1.00008022 4.816441862e-05
0.3683626795 0.9999460133 4.816441862e-05
0.3707356369 1.00006376 4.816441862e-05
0.3731085944 1.00007306 4.816441862e-05
0.3754815519 0.999930498 4.816441862e-05
0.3778545094 0.99997224 4.816441862e-05
0.3802274668 0.99985947 4.816441862e-05
0.3826004243 1.000115167 4.816441862e-05
0.3849733818 1.000040513 4.816441862e-05
0.3873463392 0.999975742 4.816441862e-05
0.3897192967 0.9999475967 4.816441862e-05
0.3920922542 1.000106368 4.816441862e-05
0.3944652116 1.00011618 4.816441862e-05
0.3968381691 0.9999753525 4.816441862e-05
0.3992111266 0.999991028 4.816441862e-05
0.401584084 1.000073662 4.816441862e-05
0.4039570415 1.000086683 4.816441862e-05
0.406329999 1.00008109 4.816441862e-05
0.4087029565 1.000111468 4.816441862e-05
0.4110759139 0.9999731167 4.816441862e-05
0.4134488714 1.000152328 4.816441862e-05
0.4158218289 0.99999197 4.816441862e-05
0.4181947863 0.999812825 4.816441862e-05
0.4205677438 0.9998470025 4.816441862e-05
0.4229407013 0.99991401 4.816441862e-05
0.4253136587 0.9998639825 4.816441862e-05
0.4276866162 1.000160396 4.816441862e-05
0.4300595737 0.9999626033 4.816441862e-05
0.4324325311 1.00003335 4.816441862e-05
0.4348054886 1.00001355 4.816441862e-05
0.4371784461 1.000047433 4.816441862e-05
0.4395514036 0.999970188 4.816441862e-05
0.441924361 0.99990858 4.816441862e-05
0.4442973185 0.9999455175 4.816441862e-05
0.446670276 0.999884225 4.816441862e-05
0.4490432334 0.9999289267 4.816441862e-05
0.4514161909 1.000037333 4.816441862e-05
0.4537891484 0.999973114 4.816441862e-05
0.4561621058 0.9999641533 4.816441862e-05
0.4585350633 1.000157085 4.816441862e-05
0.4609080208 1.000093716 4.816441862e-05
0.4632809782 0.9999744067 4.816441862e-05
0.4656539357 1.000163618 4.816441862e-05
0.4680268932 1.00013818 4.816441862e-05
0.4703998507 0.99994231 4.816441862e-05
0.4727728081 1.000152374 4.816441862e-05
0.4751457656 1.00019449 4.816441862e-05
0.4775187231 1.000052767 4.816441862e-05
0.4798916805 0.999921616 4.816441862e-05
0.482264638 0.99999657 4.816441862e-05
0.4846375955 1.000088897 4.816441862e-05
0.4870105529 0.99989774 4.816441862e-05
0.4893835104 0.99999387 4.816441862e-05
0.4917564679 1.000016042 4.816441862e-05
0.4941294254 1.000084066 4.816441862e-05
0.4965023828 0.99994365 4.816441862e-05
0.4988753403 1.000064396 4.816441862e-05
0.5012482978 1.000010524 4.816441862e-05
0.5036212552 1.000059842 4.816441862e-05
0.5059942127 1.000062662 4.816441862e-05
0.5083671702 0.9999296025 4.816441862e-05
0.5107401276 1.000046835 4.816441862e-05
0.5131130851 0.9999834 4.816441862e-05
0.5154860426 1.000115133 4.816441862e-05
0.517859 0.9999737575 4.816441862e-05
0.5202319575 0.999955135 4.816441862e-05
0.522604915 1.000144582 4.816441862e-05
0.5249778725 0.9999065233 4.816441862e-05
0.5273508299 1.000021848 4.816441862e-05
0.5297237874 0.99988868 4.816441862e-05
0.5320967449 1.00003716 4.816441862e-05
0.5344697023 0.999890595 4.816441862e-05
0.5368426598 0.9999717933 4.816441862e-05
0.5392156173 0.9999530025 4.816441862e-05
0.5415885747 0.9998686867 4.816441862e-05
0.5439615322 1.000042747 4.816441862e-05
0.5463344897 0.9999821525 4.816441862e-05
0.5487074471 1.000200767 4.816441862e-05
0.5510804046 0.999892988 4.816441862e-05
0.5534533621 0.999902235 4.816441862e-05
0.5558263196 0.9999622367 4.816441862e-05
0.558199277 0.999972238 4.816441862e-05
0.5605722345 0.9999903633 4.816441862e-05
0.562945192 0.999978495 4.816441862e-05
0.5653181494 0.9999391125 4.816441862e-05
0.5676911069 0.9999705725 4.816441862e-05
0.5700640644 0.999825634 4.816441862e-05
0.5724370218 1.000085443 4.816441862e-05
0.5748099793 1.00004668 4.816441862e-05
0.5771829368 1.000016702 4.816441862e-05
0.5795558942 0.999946164 4.816441862e-05
0.5819288517 1.000167013 4.816441862e-05
0.5843018092 1.00006843 4.816441862e-05
0.5866747667 1.00002323 4.816441862e-05
0.5890477241 1.00007111 4.816441862e-05
0.5914206816 0.999908195 4.816441862e-05
0.5937936391 0.9999856425 4.816441862e-05
0.5961665965 1.00016528 4.816441862e-05
0.598539554 0.999948208 4.816441862e-05
0.6009125115 1.000062707 4.816441862e-05
0.6032854689 1.000051616 4.816441862e-05
0.6056584264 1.000076894 4.816441862e-05
0.6080313839 1.000028267 4.816441862e-05
0.6104043414 1.000017332 4.816441862e-05
0.6127772988 0.999987615 4.816441862e-05
0.6151502563 0.9997203225 4.816441862e-05
0.6175232138 0.9999762725 4.816441862e-05
0.6198961712 1.00012858 4.816441862e-05
0.6222691287 1.000120643 4.816441862e-05
0.6246420862 1.000103506 4.816441862e-05
0.6270150436 1.00016863 4.816441862e-05
0.6293880011 1.000023526 4.816441862e-05
0.6317609586 0.999950658 4.816441862e-05
0.634133916 0.9998978075 4.816441862e-05
0.6365068735 1.000078173 4.816441862e-05
0.638879831 1.000074062 4.816441862e-05
0.6412527885 0.99991684 4.816441862e-05
0.6436257459 1.0000978 4.816441862e-05
0.6459987034 0.999995598 4.816441862e-05
0.6483716609 1.000023013 4.816441862e-05
0.6507446183 1.000057644 4.816441862e-05
0.6531175758 0.9999958267 4.816441862e-05
0.6554905333 0.9998231275 4.816441862e-05
0.6578634907 0.99991584 4.816441862e-05
0.6602364482 1.00008961 4.816441862e-05
0.6626094057 1.000092058 4.816441862e-05
0.6649823631 1.000018292 4.816441862e-05
0.6673553206 0.999802325 4.816441862e-05
0.6697282781 0.999857788 4.816441862e-05
0.6721012356 0.999882152 4.816441862e-05
0.674474193 0.999991922 4.816441862e-05
0.6768471505 0.999946024 4.816441862e-05
0.679220108 0.99996516 4.816441862e-05
0.6815930654 0.9999226725 4.816441862e-05
0.6839660229 1.000010632 4.816441862e-05
0.6863389804 0.9999303175 4.816441862e-05
0.6887119378 1.000068103 4.816441862e-05
0.6910848953 1.000022536 4.816441862e-05
0.6934578528 1.000170903 4.816441862e-05
0.6958308102 1.000064224 4.816441862e-05
0.6982037677 0.9999579175 4.816441862e-05
0.7005767252 1.000068895 4.816441862e-05
0.7029496827 1.000086426 4.816441862e-05
0.7053226401 1.000041242 4.816441862e-05
0.7076955976 1.00013439 4.816441862e-05
0.7100685551 0.99994677 4.816441862e-05
0.7124415125 1.000012123 4.816441862e-05
0.71481447 1.000022307 4.816441862e-05
0.7171874275 0.99995004 4.816441862e-05
0.7195603849 1.000006977 4.816441862e-05
0.7219333424 1.000021107 4.816441862e-05
0.7243062999 1.000041996 4.816441862e-05
0.7266792573 1.000112347 4.816441862e-05
0.7290522148 0.9999392433 4.816441862e-05
0.7314251723 1.000043833 4.816441862e-05
0.7337981298 1.00009245 4.816441862e-05
0.7361710872 0.999856925 4.816441862e-05
0.7385440447 0.999968258 4.816441862e-05
0.7409170022 0.9999762375 4.816441862e-05
0.7432899596 0.999990225 4.816441862e-05
0.7456629171 1.000112105 4.816441862e-05
0.7480358746 1.000098553 4.816441862e-05
