-0.2496027466  1.00002008 0.99998503
-0.2492962509  1.00028546 0.99998503
-0.2490386512  1.00007300 0.99998503
-0.2487701673  1.00030632 0.99998503
-0.2476457390  1.00019880 0.99998503
-0.2472740161  0.99997464 0.99998503
-0.2469905359  0.99977671 0.99998503
-0.2467358306  1.00003074 0.99998503
-0.2452911247  1.00002480 0.99998503
-0.2446880637  1.00017652 0.99998503
-0.2444296109  0.99995399 0.99998503
-0.2429504714  0.99965200 0.99998503
-0.2423864868  0.99987758 0.99998503
-0.2421179280  1.00011328 0.99998503
-0.2409933434  0.99972974 0.99998503
-0.2406217768  1.00009486 0.99998503
-0.2403383649  0.99993585 0.99998503
-0.2400836597  1.00001368 0.99998503
-0.2386387780  0.99999570 0.99998503
-0.2380358667  0.99980388 0.99998503
-0.2377774237  1.00000903 0.99998503
-0.2362981670  1.00006852 0.99998503
-0.2359918797  0.99976093 0.99998503
-0.2357343224  0.99987330 0.99998503
-0.2354657213  1.00000075 0.99998503
-0.2343410097  0.99982830 0.99998503
-0.2336861940  0.99982934 0.99998503
-0.2334314855  1.00009378 0.99998503
-0.2319864931  1.00022094 0.99998503
-0.2313837023  1.00003710 0.99998503
-0.2311252398  0.99993648 0.99998503
-0.2296459277  0.99981046 0.99998503
-0.2293396958  1.00000343 0.99998503
-0.2290821580  1.00006324 0.99998503
-0.2288135438  0.99999852 0.99998503
-0.2276886434  0.99987691 0.99998503
-0.2273173047  0.99987022 0.99998503
-0.2270340231  1.00013597 0.99998503
-0.2267792820  1.00003613 0.99998503
-0.2253341789  0.99977421 0.99998503
-0.2249985697  0.99953335 0.99998503
-0.2247315737  0.99996085 0.99998503
-0.2229936526  1.00003806 0.99998503
-0.2226874760  1.00011175 0.99998503
-0.2224299935  0.99984237 0.99998503
-0.2221613045  0.99985262 0.99998503
-0.2210362479  0.99986811 0.99998503
-0.2206650687  1.00015354 0.99998503
-0.2203818522  0.99986630 0.99998503
-0.2201271437  1.00005780 0.99998503
-0.2186818289  0.99996502 0.99998503
-0.2183463629  0.99999389 0.99998503
-0.2180793767  1.00021449 0.99998503
-0.2178208654  0.99971334 0.99998503
-0.2163413808  0.99984325 0.99998503
-0.2160353246  1.00010507 0.99998503
-0.2157778324  1.00004427 0.99998503
-0.2155090978  0.99996028 0.99998503
-0.2143839141  1.00003194 0.99998503
-0.2140128652  0.99987998 0.99998503
-0.2137296812  1.00009957 0.99998503
-0.2134749402  0.99976337 0.99998503
-0.2120295473  0.99986367 0.99998503
-0.2116941236  1.00016939 0.99998503
-0.2114272123  1.00004577 0.99998503
-0.2111686782  1.00015053 0.99998503
-0.2096891089  1.00007929 0.99998503
-0.2093831407  1.00015829 0.99998503
-0.2091256680  1.00004475 0.99998503
-0.2088568552  1.00000164 0.99998503
-0.2073605966  1.00014453 0.99998503
-0.2070775429  0.99999657 0.99998503
-0.2068227660  1.00007241 0.99998503
-0.2053772331  1.00023621 0.99998503
-0.2050419494  1.00009941 0.99998503
-0.2047750804  1.00030285 0.99998503
-0.2045164584  0.99994901 0.99998503
-0.2030368370  0.99967423 0.99998503
-0.2027309209  1.00000267 0.99998503
-0.2024735036  0.99983346 0.99998503
-0.2022046810  0.99985622 0.99998503
-0.2007083605  1.00017986 0.99998503
-0.2004253426  0.99973349 0.99998503
-0.2001706276  0.99985610 0.99998503
-0.1987249157  1.00011409 0.99998503
-0.1983897427  1.00016219 0.99998503
-0.1981228867  0.99983724 0.99998503
-0.1978642712  0.99987092 0.99998503
-0.1963845652  0.99994687 0.99998503
-0.1960787370  0.99999777 0.99998503
-0.1958213391  1.00000282 0.99998503
-0.1955524710  1.00013781 0.99998503
-0.1940561571  0.99990051 0.99998503
-0.1937731717  1.00030093 0.99998503
-0.1935184241  0.99991760 0.99998503
-0.1920726015  0.99998890 0.99998503
-0.1917375034  0.99997593 0.99998503
-0.1914707223  0.99988893 0.99998503
-0.1912121198  1.00000361 0.99998503
-0.1897322933  0.99993151 0.99998503
-0.1894265856  0.99999437 0.99998503
-0.1891691422  0.99993163 0.99998503
-0.1889002317  1.00008920 0.99998503
-0.1877744588  0.99996202 0.99998503
-0.1874038917  1.00010040 0.99998503
-0.1871210333  0.99993573 0.99998503
-0.1868662500  0.99994731 0.99998503
-0.1854202873  0.99979786 0.99998503
-0.1850853325  1.00028134 0.99998503
-0.1848185904  0.99999441 0.99998503
-0.1830800215  1.00011485 0.99998503
-0.1827743691  0.99965864 0.99998503
-0.1825170103  0.99984755 0.99998503
-0.1822480543  1.00020083 0.99998503
-0.1811220925  1.00010808 0.99998503
-0.1807516557  0.99990397 0.99998503
-0.1804688299  0.99966413 0.99998503
-0.1787679731  0.99995388 0.99998503
-0.1784331257  1.00026412 0.99998503
-0.1781663935  0.99983064 0.99998503
-0.1779077128  0.99967674 0.99998503
-0.1764277496  1.00006433 0.99998503
-0.1761221819  1.00004728 0.99998503
-0.1755958476  1.00002551 0.99998503
-0.1744697295  1.00008829 0.99998503
-0.1740994522  1.00047427 0.99998503
-0.1738166589  0.99974385 0.99998503
-0.1735619048  1.00008374 0.99998503
-0.1721156590  1.00022683 0.99998503
-0.1717808864  1.00000411 0.99998503
-0.1712555582  1.00014539 0.99998503
-0.1697754778  0.99993545 0.99998503
-0.1694700305  0.99984617 0.99998503
-0.1692126489  0.99976217 0.99998503
-0.1689436050  0.99992024 0.99998503
-0.1678173665  1.00059253 0.99998503
-0.1674471836  1.00017943 0.99998503
-0.1669097339  0.99998888 0.99998503
-0.1654633448  0.99980003 0.99998503
-0.1651286797  1.00051399 0.99998503
-0.1648621004  1.00015852 0.99998503
-0.1646033384  1.00022278 0.99998503
-0.1631232092  1.00000276 0.99998503
-0.1625605171  1.00002146 0.99998503
-0.1622914308  0.99994470 0.99998503
-0.1611650035  1.00061413 0.99998503
-0.1607949508  1.00000341 0.99998503
-0.1605123203  1.00021198 0.99998503
-0.1602575955  1.00000811 0.99998503
-0.1588110306  1.00008365 0.99998503
-0.1582099035  1.00020158 0.99998503
-0.1579511512  1.00013521 0.99998503
-0.1561656300  0.99981946 0.99998503
-0.1559083201  1.00006328 0.99998503
-0.1556391883  1.00014875 0.99998503
-0.1545126404  1.00012247 0.99998503
-0.1541427148  0.99969260 0.99998503
-0.1538601494  1.00029728 0.99998503
-0.1536053888  1.00013501 0.99998503
-0.1521587164  0.99994600 0.99998503
-0.1518242662  0.99989927 0.99998503
-0.1515577390  1.00020103 0.99998503
-0.1512989966  1.00006011 0.99998503
-0.1495134135  0.99961836 0.99998503
-0.1492561557  0.99995709 0.99998503
-0.1489869783  0.99976265 0.99998503
-0.1478602774  1.00042420 0.99998503
-0.1474904787  0.99971904 0.99998503
-0.1472079785  0.99998537 0.99998503
-0.1469532179  0.99988719 0.99998503
-0.1455064022  1.00013935 0.99998503
-0.1451720627  1.00007229 0.99998503
-0.1449055453  1.00010803 0.99998503
-0.1446467768  1.00002082 0.99998503
-0.1431663936  1.00008401 0.99998503
-0.1428612621  1.00003914 0.99998503
-0.1426040238  0.99984488 0.99998503
-0.1423348041  0.99986823 0.99998503
-0.1408382459  1.00002984 0.99998503
-0.1405558075  1.00021680 0.99998503
-0.1403010111  0.99995640 0.99998503
-0.1388540555  0.99998253 0.99998503
-0.1385198885  1.00002586 0.99998503
-0.1382534135  0.99995790 0.99998503
-0.1379945896  0.99988722 0.99998503
-0.1365140924  1.00021665 0.99998503
-0.1362090781  1.00009618 0.99998503
-0.1359518268  1.00030913 0.99998503
-0.1356825615  0.99964427 0.99998503
-0.1345555514  1.00012573 0.99998503
-0.1341860099  0.99955070 0.99998503
-0.1339036366  0.99985646 0.99998503
-0.1336488728  1.00013545 0.99998503
-0.1322017739  0.99997920 0.99998503
-0.1318676492  0.99965900 0.99998503
-0.1316012491  0.99981648 0.99998503
-0.1313423698  0.99972027 0.99998503
-0.1298618531  0.99999265 0.99998503
-0.1295568909  0.99983889 0.99998503
-0.1292996624  1.00014674 0.99998503
-0.1290303515  1.00011221 0.99998503
-0.1279031884  0.99991208 0.99998503
-0.1275337738  0.99997281 0.99998503
-0.1272514690  1.00032357 0.99998503
-0.1269966986  1.00010096 0.99998503
-0.1255494629  1.00005644 0.99998503
-0.1252154425  0.99996519 0.99998503
-0.1249490846  0.99984288 0.99998503
-0.1246902152  0.99970889 0.99998503
-0.1232095487  1.00005268 0.99998503
-0.1229047070  0.99994727 0.99998503
-0.1226475306  1.00007068 0.99998503
-0.1223781415  0.99979389 0.99998503
-0.1212507928  1.00021630 0.99998503
-0.1208815411  1.00048315 0.99998503
-0.1205992980  1.00000302 0.99998503
-0.1203444951  0.99961418 0.99998503
-0.1188971162  0.99997482 0.99998503
-0.1185632716  0.99975184 0.99998503
-0.1182969235  1.00015221 0.99998503
-0.1180380247  1.00013109 0.99998503
-0.1165572801  1.00008977 0.99998503
-0.1162525556  1.00005303 0.99998503
-0.1159953336  1.00002558 0.99998503
-0.1157259348  1.00026861 0.99998503
-0.1145984656  0.99983741 0.99998503
-0.1142293050  0.99987855 0.99998503
-0.1139471271  1.00031057 0.99998503
-0.1136923567  1.00006326 0.99998503
-0.1122448346  1.00003758 0.99998503
-0.1119110323  0.99999641 0.99998503
-0.1116447591  0.99998940 0.99998503
-0.1113858050  1.00018799 0.99998503
-0.1099050408  0.99998379 0.99998503
-0.1096003391  1.00006014 0.99998503
-0.1093431692  1.00015018 0.99998503
-0.1079461026  1.00018370 0.99998503
-0.1075770397  1.00000566 0.99998503
-0.1072949269  0.99990211 0.99998503
-0.1070401826  0.99998857 0.99998503
-0.1067540879  0.99995356 0.99998503
-0.1055925236  0.99998600 0.99998503
-0.1049925947  1.00013637 0.99998503
-0.1047336503  1.00002538 0.99998503
-0.1032527397  0.99979383 0.99998503
-0.1029481551  1.00009080 0.99998503
-0.1026909722  1.00006222 0.99998503
-0.1024215148  1.00002562 0.99998503
-0.1012937102  0.99983805 0.99998503
-0.1009248362  1.00009848 0.99998503
-0.1006427559  1.00038691 0.99998503
-0.1001018518  0.99996429 0.99998503
-0.0989401769  1.00020085 0.99998503
-0.0986066546  1.00006314 0.99998503
-0.0983404335  1.00026106 0.99998503
-0.0980814631  0.99982824 0.99998503
-0.0966004678  1.00021840 0.99998503
-0.0962960038  0.99994985 0.99998503
-0.0957693048  1.00005471 0.99998503
-0.0946413798  0.99977784 0.99998503
-0.0942726034  0.99978722 0.99998503
-0.0939906176  0.99988501 0.99998503
-0.0934495800  0.99979730 0.99998503
-0.0922878985  1.00001061 0.99998503
-0.0919544153  1.00000995 0.99998503
-0.0916882691  0.99978858 0.99998503
-0.0914292434  1.00014721 0.99998503
-0.0899482318  1.00025431 0.99998503
-0.0896437872  1.00010315 0.99998503
-0.0893866759  0.99996267 0.99998503
-0.0891170948  1.00014504 0.99998503
-0.0879890168  0.99978610 0.99998503
-0.0876203380  0.99992786 0.99998503
-0.0873384141  1.00022072 0.99998503
-0.0870836665  1.00001101 0.99998503
-0.0867973765  0.99988702 0.99998503
-0.0856355843  0.99987667 0.99998503
-0.0853022118  0.99979737 0.99998503
-0.0850361047  0.99989590 0.99998503
-0.0847770887  0.99988713 0.99998503
-0.0832959306  0.99993961 0.99998503
-0.0829916033  1.00002208 0.99998503
-0.0827345115  1.00010329 0.99998503
-0.0813366244  1.00000087 0.99998503
-0.0809681346  1.00017773 0.99998503
-0.0806862464  1.00030618 0.99998503
-0.0804314598  1.00002989 0.99998503
-0.0801451372  0.99978827 0.99998503
-0.0789832409  0.99998347 0.99998503
-0.0783839402  0.99981647 0.99998503
-0.0781248982  0.99983600 0.99998503
-0.0766436587  1.00002196 0.99998503
-0.0763394193  0.99973195 0.99998503
-0.0760823471  0.99986781 0.99998503
-0.0758126748  0.99996649 0.99998503
-0.0746842972  1.00028366 0.99998503
-0.0740341080  0.99988189 0.99998503
-0.0737792856  0.99971962 0.99998503
-0.0734928653  1.00024968 0.99998503
-0.0723309592  1.00005740 0.99998503
-0.0719978016  0.99989827 0.99998503
-0.0717317791  1.00025278 0.99998503
-0.0714726785  1.00001571 0.99998503
-0.0699914227  0.99990618 0.99998503
-0.0696872386  1.00018151 0.99998503
-0.0694301827  1.00011076 0.99998503
-0.0691604648  1.00007609 0.99998503
-0.0680319342  1.00015212 0.99998503
-0.0676636364  1.00024756 0.99998503
-0.0673819046  1.00009816 0.99998503
-0.0671271147  1.00008920 0.99998503
-0.0668406619  0.99975255 0.99998503
-0.0653455981  1.00017818 0.99998503
-0.0650795821  1.00002195 0.99998503
-0.0648205238  1.00012841 0.99998503
-0.0633391215  0.99982875 0.99998503
-0.0630350547  0.99999357 0.99998503
-0.0627780183  1.00041945 0.99998503
-0.0625082223  1.00016762 0.99998503
-0.0610114362  1.00003240 0.99998503
-0.0607297369  1.00020244 0.99998503
-0.0604749405  1.00001356 0.99998503
-0.0601884226  0.99975226 0.99998503
-0.0590263048  1.00003289 0.99998503
-0.0586933914  1.00009656 0.99998503
-0.0584274503  0.99989859 0.99998503
-0.0581683041  1.00001439 0.99998503
-0.0566868529  1.00002756 0.99998503
-0.0563828707  0.99999479 0.99998503
-0.0561258539  0.99996971 0.99998503
-0.0558560448  0.99986193 0.99998503
-0.0547272147  0.99960944 0.99998503
-0.0543592002  0.99986518 0.99998503
-0.0540775985  0.99999479 0.99998503
-0.0538228021  0.99996442 0.99998503
-0.0535361507  1.00007773 0.99998503
-0.0523740264  1.00020550 0.99998503
-0.0520411879  0.99998033 0.99998503
-0.0517752565  0.99990361 0.99998503
-0.0515161462  0.99985913 0.99998503
-0.0500346169  0.99957762 0.99998503
-0.0497306868  0.99989960 0.99998503
-0.0494736894  0.99990165 0.99998503
-0.0492038348  1.00006211 0.99998503
-0.0480748517  1.00024261 0.99998503
-0.0477069348  0.99990484 0.99998503
-0.0474253950  0.99988743 0.99998503
-0.0471705954  1.00005299 0.99998503
-0.0468839472  1.00005961 0.99998503
-0.0457217123  1.00000691 0.99998503
-0.0453889811  0.99998058 0.99998503
-0.0451230921  1.00020765 0.99998503
-0.0448639590  0.99988511 0.99998503
-0.0430785028  1.00017135 0.99998503
-0.0428215250  0.99972237 0.99998503
-0.0425515923  0.99987531 0.99998503
-0.0414224593  0.99998645 0.99998503
-0.0410547346  1.00020405 0.99998503
-0.0407732274  0.99989571 0.99998503
-0.0405184212  0.99989334 0.99998503
-0.0402316754  1.00026828 0.99998503
-0.0390693688  1.00016672 0.99998503
-0.0387368102  1.00002459 0.99998503
-0.0384709603  0.99999786 0.99998503
-0.0382117392  1.00002604 0.99998503
-0.0367300439  1.00016616 0.99998503
-0.0364263189  0.99963997 0.99998503
-0.0361693606  1.00005083 0.99998503
-0.0358994148  0.99995670 0.99998503
-0.0347701321  0.99992488 0.99998503
-0.0344025018  1.00024463 0.99998503
-0.0341210890  0.99979656 0.99998503
-0.0338662828  0.99967398 0.99998503
-0.0324170904  1.00006284 0.99998503
-0.0320845742  0.99989744 0.99998503
-0.0318187666  1.00004007 0.99998503
-0.0315595487  1.00018136 0.99998503
-0.0300777753  1.00027726 0.99998503
-0.0297741024  0.99978336 0.99998503
-0.0295171636  0.99973871 0.99998503
-0.0281177724  1.00039879 0.99998503
-0.0277502364  1.00018214 0.99998503
-0.0274688888  1.00017172 0.99998503
-0.0272140761  0.99987766 0.99998503
-0.0269272293  1.00006489 0.99998503
-0.0257647795  0.99972907 0.99998503
-0.0254323674  0.99981517 0.99998503
-0.0251666021  0.99964875 0.99998503
-0.0234255067  1.00034277 0.99998503
-0.0231219543  1.00026479 0.99998503
-0.0228649992  1.00016308 0.99998503
-0.0225949623  0.99975284 0.99998503
-0.0214653800  1.00013143 0.99998503
-0.0210980362  0.99994654 0.99998503
-0.0208167178  0.99991501 0.99998503
-0.0202749575  0.99985040 0.99998503
-0.0191124360  1.00017365 0.99998503
-0.0187801639  1.00026478 0.99998503
-0.0185144703  1.00011142 0.99998503
-0.0182551743  1.00006412 0.99998503
-0.0167732381  0.99986895 0.99998503
-0.0164697703  1.00011624 0.99998503
-0.0148130203  1.00025628 0.99998503
-0.0144458034  1.00023591 0.99998503
-0.0141645795  1.00002842 0.99998503
-0.0139097635  1.00003124 0.99998503
-0.0136227214  1.00005125 0.99998503
-0.0124601251  0.99995937 0.99998503
-0.0121279605  1.00007811 0.99998503
-0.0116029839  1.00017731 0.99997851
-0.0101209695  0.99979592 0.99987743
-0.0098175538  0.99985363 0.99985265
-0.0095606704  0.99961209 0.99983079
-0.0081606931  0.99958284 0.99970183
-0.0077935381  0.99974350 0.99966557
-0.0075123792  0.99970818 0.99963894
-0.0072575568  0.99934813 0.99961255
-0.0069705147  0.99979408 0.99958379
-0.0058078467  0.99937880 0.99946357
-0.0054757570  0.99910419 0.99942816
-0.0052101121  0.99951565 0.99940134
-0.0049507967  0.99941950 0.99937274
-0.0034687041  0.99948407 0.99928582
-0.0031654024  0.99911591 0.99927669
-0.0029085060  0.99922916 0.99926991
-0.0026383290  0.99913725 0.99926362
-0.0015083040  0.99930828 0.99924518
-0.0011413379  0.99910075 0.99924155
-0.0008602409  0.99929782 0.99923948
-0.0006053859  0.99916561 0.99923812
-0.0003182428  0.99928934 0.99923716
0.0008444935  0.99924041 0.99923938
0.0011764823  0.99937366 0.99924185
0.0014420197  0.99934512 0.99924444
0.0017013938  0.99954167 0.99924752
0.0031835645  0.99944197 0.99927720
0.0034867783  0.99925090 0.99928641
0.0037436259  0.99892625 0.99929533
0.0040138484  0.99932208 0.99930605
0.0051440558  0.99941407 0.99939447
0.0057919594  0.99952203 0.99946198
0.0060468209  0.99919271 0.99948895
0.0063339965  0.99940750 0.99951813
0.0074968045  0.99973324 0.99963727
0.0078286533  0.99941725 0.99966886
0.0083535810  0.99953699 0.99971993
0.0101389948  1.00031632 0.99987880
0.0103958228  0.99963588 0.99990031
0.0106660909  1.00000275 0.99991929
0.0117964155  0.99995758 0.99998461
0.0121631603  0.99981835 0.99998503
0.0124441303  1.00019086 0.99998503
0.0126989625  0.99978538 0.99998503
0.0129862683  1.00017224 0.99998503
0.0141490828  0.99981372 0.99998503
0.0144808567  1.00004514 0.99998503
0.0147463778  1.00025899 0.99998503
0.0150058040  1.00015183 0.99998503
0.0164881017  0.99998447 0.99998503
0.0167911462  1.00042587 0.99998503
0.0170479905  0.99986052 0.99998503
0.0173183042  0.99999440 0.99998503
0.0188153605  0.99999786 0.99998503
0.0190962979  0.99965459 0.99998503
0.0193511367  1.00017977 0.99998503
0.0196384751  1.00005579 0.99998503
0.0208014263  0.99988403 0.99998503
0.0211330928  1.00043221 0.99998503
0.0213985097  0.99993659 0.99998503
0.0216579587  0.99999324 0.99998503
0.0231403670  1.00012479 0.99998503
0.0234433594  1.00014863 0.99998503
0.0237001224  1.00047849 0.99998503
0.0239704816  1.00029440 0.99998503
0.0251011318  0.99974713 0.99998503
0.0254676226  1.00004095 0.99998503
0.0257484689  0.99998396 0.99998503
0.0260033402  1.00003437 0.99998503
0.0262907144  1.00011457 0.99998503
0.0274537340  0.99996112 0.99998503
0.0277852637  1.00028457 0.99998503
0.0280507067  1.00009062 0.99998503
0.0283101491  1.00034027 0.99998503
0.0297926356  0.99986966 0.99998503
0.0300955434  0.99996426 0.99998503
0.0303523193  1.00002637 0.99998503
0.0306227242  1.00007696 0.99998503
0.0317535241  1.00003960 0.99998503
0.0321198554  0.99989944 0.99998503
0.0324006365  1.00002746 0.99998503
0.0326554818  1.00014160 0.99998503
0.0329429895  0.99974635 0.99998503
0.0341060449  1.00000348 0.99998503
0.0344374672  1.00013672 0.99998503
0.0347028678  1.00004644 0.99998503
0.0349623689  1.00007682 0.99998503
0.0364449042  0.99988704 0.99998503
0.0367476948  1.00002009 0.99998503
0.0370044838  1.00002538 0.99998503
0.0372749374  1.00010992 0.99998503
0.0384058481  1.00001716 0.99998503
0.0387720556  1.00004768 0.99998503
0.0390528075  1.00005792 0.99998503
0.0393076560  1.00028908 0.99998503
0.0395951962  0.99999129 0.99998503
0.0407583558  1.00020831 0.99998503
0.0410897032  0.99988963 0.99998503
0.0413550648  1.00059052 0.99998503
0.0416145268  0.99989606 0.99998503
0.0430971696  0.99998579 0.99998503
0.0433999080  1.00002735 0.99998503
0.0436566156  1.00023657 0.99998503
0.0439271800  1.00038412 0.99998503
0.0450582078  1.00000492 0.99998503
0.0454243210  1.00000801 0.99998503
0.0457049751  0.99979835 0.99998503
0.0459598627  1.00037433 0.99998503
0.0474106635  0.99994872 0.99998503
0.0477418742  0.99961182 0.99998503
0.0480071967  0.99990933 0.99998503
0.0482667140  0.99996836 0.99998503
0.0497494382  0.99983867 0.99998503
0.0500520920  0.99999816 0.99998503
0.0503088126  1.00013694 0.99998503
0.0517105644  0.99989579 0.99998503
0.0520765505  1.00034796 0.99998503
0.0523571461  0.99994704 0.99998503
0.0526120011  1.00022552 0.99998503
0.0528997074  0.99997688 0.99998503
0.0540629744  1.00005511 0.99998503
0.0543940776  0.99996227 0.99998503
0.0564017035  1.00053059 0.99998503
0.0567042434  1.00010689 0.99998503
0.0569609770  1.00002468 0.99998503
0.0572315707  1.00006506 0.99998503
0.0583629209  0.99986555 0.99998503
0.0587287507  1.00002699 0.99998503
0.0590093137  0.99956226 0.99998503
0.0595519467  1.00024333 0.99998503
0.0607152821  1.00016836 0.99998503
0.0610463137  1.00028681 0.99998503
0.0615710917  1.00002093 0.99998503
0.0630539721  1.00004778 0.99998503
0.0633564566  0.99988393 0.99998503
0.0638838132  0.99992610 0.99998503
0.0650152806  0.99998885 0.99998503
0.0653810161  1.00022014 0.99998503
0.0656615172  0.99970774 0.99998503
0.0659163820  0.99991488 0.99998503
0.0662041567  0.99999046 0.99998503
0.0673675898  1.00002845 0.99998503
0.0676984846  1.00012738 0.99998503
0.0682233147  0.99980171 0.99998503
0.0697062049  1.00004976 0.99998503
0.0700086406  0.99968848 0.99998503
0.0702653058  0.99990272 0.99998503
0.0705359939  1.00014106 0.99998503
0.0716676371  0.99997301 0.99998503
0.0720332456  1.00023648 0.99998503
0.0725685236  1.00017930 0.99998503
0.0728564285  1.00001632 0.99998503
0.0740199007  0.99979152 0.99998503
0.0748755052  1.00049179 0.99998503
0.0763585061  0.99993155 0.99998503
0.0769174735  1.00015924 0.99998503
0.0771882039  1.00039326 0.99998503
0.0783199936  1.00007277 0.99998503
0.0786854458  1.00000794 0.99998503
0.0789658233  0.99994899 0.99998503
0.0792207304  0.99987870 0.99998503
0.0795086678  1.00002686 0.99998503
0.0806722084  0.99975721 0.99998503
0.0812680448  1.00042034 0.99998503
0.0815276598  0.99994167 0.99998503
0.0830107714  1.00031579 0.99998503
0.0833130052  0.99994813 0.99998503
0.0835696705  1.00000290 0.99998503
0.0838404497  1.00001041 0.99998503
0.0849723176  1.00000908 0.99998503
0.0853377079  0.99974288 0.99998503
0.0856180235  1.00001994 0.99998503
0.0858729013  0.99997403 0.99998503
0.0861609104  0.99990334 0.99998503
0.0873244835  0.99995403 0.99998503
0.0876550951  0.99978611 0.99998503
0.0879202059  1.00017255 0.99998503
0.0881798828  0.99996469 0.99998503
0.0899651859  0.99997069 0.99998503
0.0902218023  1.00021044 0.99998503
0.0904926630  0.99993851 0.99998503
0.0916247067  0.99964254 0.99998503
0.0919899407  0.99971572 0.99998503
0.0922701586  1.00021540 0.99998503
0.0925250755  0.99989650 0.99998503
0.0928131497  1.00014376 0.99998503
0.0939768237  1.00003164 0.99998503
0.0943072986  1.00019322 0.99998503
0.0945723378  1.00004946 0.99998503
0.0948320733  0.99999680 0.99998503
0.0963153054  1.00011359 0.99998503
0.0966173699  1.00018034 0.99998503
0.0968739668  1.00006456 0.99998503
0.0971448404  0.99991226 0.99998503
0.0982770632  0.99987175 0.99998503
0.0986421377  1.00002181 0.99998503
0.0989223295  1.00002984 0.99998503
0.0991772497  0.99981105 0.99998503
0.0994653890  1.00006660 0.99998503
0.1006291346  0.99987522 0.99998503
0.1009595346  0.99990599 0.99998503
0.1012245022  0.99985022 0.99998503
0.1014842312  1.00001913 0.99998503
0.1029675707  1.00009870 0.99998503
0.1032695506  1.00020667 0.99998503
0.1035261637  1.00010146 0.99998503
0.1049294197  1.00011363 0.99998503
0.1052944030  0.99986788 0.99998503
0.1055745298  1.00001309 0.99998503
0.1058294239  0.99994950 0.99998503
0.1061176316  0.99992658 0.99998503
0.1072814423  1.00014824 0.99998503
0.1076117348  0.99990797 0.99998503
0.1078766634  0.99965356 0.99998503
0.1081364510  0.99998052 0.99998503
0.1096198361  0.99996148 0.99998503
0.1099217345  1.00024714 0.99998503
0.1101782956  0.99986792 0.99998503
0.1115817762  1.00005363 0.99998503
0.1119466326  1.00015078 0.99998503
0.1122266681  1.00007120 0.99998503
0.1124815980  0.99963475 0.99998503
0.1127698709  0.99990869 0.99998503
0.1139337500  1.00010857 0.99998503
0.1142639058  0.99987316 0.99998503
0.1145288278  0.99968525 0.99998503
0.1147886414  1.00014054 0.99998503
0.1162721014  1.00018628 0.99998503
0.1165738827  0.99985021 0.99998503
0.1168304600  0.99988363 0.99998503
0.1182341327  1.00016965 0.99998503
0.1185988621  0.99985139 0.99998503
0.1188788358  1.00046051 0.99998503
0.1191337722  0.99992704 0.99998503
0.1194220808  1.00006855 0.99998503
0.1205860577  1.00014194 0.99998503
0.1209161418  1.00001103 0.99998503
0.1211810248  0.99970588 0.99998503
0.1214408319  1.00033328 0.99998503
0.1229243668  0.99988352 0.99998503
0.1232260959  0.99977393 0.99998503
0.1234826602  0.99978755 0.99998503
0.1248864892  1.00011757 0.99998503
0.1252510949  1.00001731 0.99998503
0.1255310360  0.99997343 0.99998503
0.1257859464  1.00010253 0.99998503
0.1272383653  0.99996473 0.99998503
0.1275683453  0.99968713 0.99998503
0.1278331534  0.99974375 0.99998503
0.1280930224  0.99975549 0.99998503
0.1295766321  1.00002724 0.99998503
0.1298782799  0.99996786 0.99998503
0.1301348246  1.00003013 0.99998503
0.1321831744  1.00003351 0.99998503
0.1324381206  0.99992327 0.99998503
0.1327265953  0.99991332 0.99998503
0.1338907056  1.00017555 0.99998503
0.1342205130  0.99999382 0.99998503
0.1344853178  1.00005246 0.99998503
0.1362289300  0.99999466 0.99998503
0.1365304280  1.00006835 0.99998503
0.1367869891  1.00030849 0.99998503
0.1370581460  1.00008666 0.99998503
0.1381912022  1.00000530 0.99998503
0.1388353421  1.00006951 0.99998503
0.1393788704  1.00003654 0.99998503
0.1405429807  1.00011130 0.99998503
0.1408727490  1.00001994 0.99998503
0.1411375148  1.00003231 0.99998503
0.1413974326  1.00002616 0.99998503
0.1428811660  0.99991360 0.99998503
0.1431826412  1.00002770 0.99998503
0.1437103593  1.00026149 0.99998503
0.1448435555  1.00020871 0.99998503
0.1454875423  1.00009518 0.99998503
0.1457424689  1.00003308 0.99998503
0.1460310771  0.99996902 0.99998503
0.1471952851  0.99995323 0.99998503
0.1475249525  1.00003996 0.99998503
0.1477896434  1.00024257 0.99998503
0.1480495905  0.99991528 0.99998503
0.1495334281  1.00028754 0.99998503
0.1498348252  0.99994411 0.99998503
0.1500913179  1.00013649 0.99998503
0.1503625399  0.99994890 0.99998503
0.1514959445  0.99992319 0.99998503
0.1518600130  1.00003224 0.99998503
0.1523946431  1.00012726 0.99998503
0.1526833197  1.00011351 0.99998503
0.1538476253  0.99997289 0.99998503
0.1541771202  0.99987785 0.99998503
0.1544418403  1.00002970 0.99998503
0.1547017809  1.00010316 0.99998503
0.1564869733  0.99979244 0.99998503
0.1567434856  0.99989156 0.99998503
0.1570147858  1.00009266 0.99998503
0.1581482652  1.00002432 0.99998503
0.1585122458  0.99980348 0.99998503
0.1593355948  1.00003632 0.99998503
0.1604999004  1.00002434 0.99998503
0.1608293562  1.00009717 0.99998503
0.1610940015  1.00047510 0.99998503
0.1613539714  1.00017461 0.99998503
0.1631391866  0.99987694 0.99998503
0.1633956500  0.99992988 0.99998503
0.1648006218  1.00017437 0.99998503
0.1654440486  1.00020422 0.99998503
0.1656989915  0.99973354 0.99998503
0.1659878048  0.99994995 0.99998503
0.1671522081  1.00031273 0.99998503
0.1674815564  0.99987287 0.99998503
0.1677461333  0.99986474 0.99998503
0.1680061619  0.99991818 0.99998503
0.1697913705  0.99998724 0.99998503
0.1700477818  0.99981196 0.99998503
0.1703192448  0.99997790 0.99998503
0.1714530076  0.99997564 0.99998503
0.1718167049  1.00001101 0.99998503
0.1720962195  0.99988239 0.99998503
0.1723511982  1.00007306 0.99998503
0.1726400441  0.99983569 0.99998503
0.1738045451  0.99982605 0.99998503
0.1743983303  0.99997130 0.99998503
0.1746583523  0.99998530 0.99998503
0.1764435838  1.00006772 0.99998503
0.1766999788  0.99979730 0.99998503
0.1769714255  1.00037084 0.99998503
0.1784689344  1.00017923 0.99998503
0.1787483872  1.00004606 0.99998503
0.1790033399  0.99977507 0.99998503
0.1792923192  1.00024869 0.99998503
0.1804568202  0.99993411 0.99998503
0.1807859601  1.00006059 0.99998503
0.1810504915  1.00023665 0.99998503
0.1813105428  1.00003551 0.99998503
0.1830957319  1.00004486 0.99998503
0.1833521432  1.00009759 0.99998503
0.1836236388  0.99987791 0.99998503
0.1847576848  1.00004838 0.99998503
0.1851211965  1.00014739 0.99998503
0.1856555140  1.00021658 0.99998503
0.1859445292  0.99986493 0.99998503
0.1871091246  1.00002246 0.99998503
0.1874381636  1.00007756 0.99998503
0.1877026233  0.99982242 0.99998503
0.1879627333  1.00016217 0.99998503
0.1894470170  1.00006698 0.99998503
0.1897479126  0.99989988 0.99998503
0.1900042783  1.00000873 0.99998503
0.1902758846  0.99986006 0.99998503
0.1914100706  0.99999085 0.99998503
0.1917733934  1.00005312 0.99998503
0.1920527258  0.99997186 0.99998503
0.1923077208  0.99999142 0.99998503
0.1925968043  0.99971473 0.99998503
0.1937614648  1.00001897 0.99998503
0.1940903639  0.99991004 0.99998503
0.1943548203  1.00021468 0.99998503
0.1946149563  0.99996861 0.99998503
0.1960993149  0.99987302 0.99998503
0.1964001291  0.99995198 0.99998503
0.1966564753  0.99981528 0.99998503
0.1969280653  1.00009991 0.99998503
0.1980623945  0.99996720 0.99998503
0.1984256230  0.99993695 0.99998503
0.1987048934  0.99945602 0.99998503
0.1989598624  1.00004406 0.99998503
0.2004137367  0.99962117 0.99998503
0.2007425673  0.99968901 0.99998503
0.2010069815  1.00014905 0.99998503
0.2012671467  1.00019184 0.99998503
0.2027515476  1.00023461 0.99998503
0.2030522773  0.99980896 0.99998503
0.2033086397  0.99986335 0.99998503
0.2035802785  1.00011825 0.99998503
0.2047147478  1.00009952 0.99998503
0.2050778851  1.00006809 0.99998503
0.2053570611  1.00006862 0.99998503
0.2056120366  1.00005280 0.99998503
0.2070660444  0.99987832 0.99998503
0.2073947350  0.99964549 0.99998503
0.2076591459  1.00037734 0.99998503
0.2079193046  0.99986084 0.99998503
0.2094038423  1.00009701 0.99998503
0.2097044580  1.00011327 0.99998503
0.2099608367  1.00003149 0.99998503
0.2113671336  0.99979440 0.99998503
0.2117300820  0.99974921 0.99998503
0.2120092288  0.99987339 0.99998503
0.2122642433  1.00016337 0.99998503
0.2125535320  0.99988932 0.99998503
0.2137183813  0.99975742 0.99998503
0.2140469711  1.00010866 0.99998503
0.2143113070  0.99979752 0.99998503
0.2160561076  1.00036074 0.99998503
0.2163566712  1.00018349 0.99998503
0.2166129718  0.99999592 0.99998503
0.2168847050  1.00006144 0.99998503
0.2180194543  0.99985532 0.99998503
0.2183823116  1.00013276 0.99998503
0.2186614323  0.99990359 0.99998503
0.2192057745  1.00021251 0.99998503
0.2203706532  0.99959859 0.99998503
0.2206991713  0.99996761 0.99998503
0.2209634715  0.99998639 0.99998503
0.2212237181  0.99981202 0.99998503
0.2227083372  1.00006727 0.99998503
0.2230088193  1.00000419 0.99998503
0.2235369183  0.99971806 0.99998503
0.2246718075  0.99991546 0.99998503
0.2250345704  0.99972771 0.99998503
0.2253135674  0.99995121 0.99998503
0.2255685917  0.99988030 0.99998503
0.2258579845  0.99996669 0.99998503
0.2270229609  1.00012455 0.99998503
0.2273513715  1.00040356 0.99998503
0.2278758760  0.99986623 0.99998503
0.2293606351  1.00032288 0.99998503
0.2296610033  1.00003180 0.99998503
0.2299173332  0.99996349 0.99998503
0.2301891641  0.99992014 0.99998503
0.2313241934  1.00000776 0.99998503
0.2316867674  1.00010283 0.99998503
0.2319657350  0.99995285 0.99998503
0.2322207659  1.00018336 0.99998503
0.2325102596  0.99977613 0.99998503
0.2336752978  1.00042471 0.99998503
0.2342677970  1.00024565 0.99998503
0.2345280990  1.00013946 0.99998503
0.2365694651  0.99985669 0.99998503
0.2368413448  1.00004383 0.99998503
0.2379765140  0.99994262 0.99998503
0.2383389969  0.99998297 0.99998503
0.2386179027  0.99983523 0.99998503
0.2388729075  1.00000661 0.99998503
0.2391625022  1.00008970 0.99998503
0.2403275697  1.00010345 0.99998503
0.2409199614  1.00011819 0.99998503
0.2411802928  0.99997118 0.99998503
0.2426651625  0.99963895 0.99998503
0.2429653972  1.00032322 0.99998503
0.2432216327  1.00007323 0.99998503
0.2434935906  0.99998610 0.99998503
0.2446288673  1.00005267 0.99998503
0.2449912590  1.00011768 0.99998503
0.2452700704  1.00023955 0.99998503
0.2455251175  0.99968768 0.99998503
0.2458147447  0.99998111 0.99998503
0.2469798741  1.00039539 0.99998503
0.2473079755  0.99988278 0.99998503
0.2475721552  0.99990162 0.99998503
0.2478324507  0.99990006 0.99998503
0.2496175454  0.99995645 0.99998503
0.2498738297  1.00014321 0.99998503
0.2501458071  0.99992219 0.99998503
0.2512812531  0.99972798 0.99998503
0.2516434527  0.99998717 0.99998503
0.2519222088  1.00009940 0.99998503
0.2521772917  1.00007561 0.99998503
0.2524669873  1.00004708 0.99998503
0.2536322111  0.99998502 0.99998503
0.2539601757  0.99998478 0.99998503
0.2542242870  0.99996451 0.99998503
0.2544846737  1.00011729 0.99998503
0.2559696867  0.99995630 0.99998503
0.2562697586  1.00001153 0.99998503
0.2565259616  0.99988943 0.99998503
0.2567980204  1.00016494 0.99998503
0.2579336064  0.99987949 0.99998503
0.2582957148  1.00034564 0.99998503
0.2585744090  1.00003056 0.99998503
0.2588294333  1.00007264 0.99998503
0.2591192331  0.99984678 0.99998503
0.2602845155  1.00010897 0.99998503
0.2606123792  1.00007833 0.99998503
0.2608764514  0.99989571 0.99998503
0.2611368641  1.00006041 0.99998503
0.2626219195  1.00023976 0.99998503
0.2629219393  0.99991211 0.99998503
0.2631781292  1.00019566 0.99998503
0.2634502336  0.99997833 0.99998503
0.2645859238  1.00036826 0.99998503
0.2649479118  0.99991774 0.99998503
0.2652265767  0.99998025 0.99998503
0.2654816400  0.99968761 0.99998503
0.2657715082  1.00024312 0.99998503
0.2669367874  1.00004515 0.99998503
0.2672645794  1.00015623 0.99998503
0.2675286452  1.00005097 0.99998503
0.2677890872  0.99997830 0.99998503
0.2692742141  0.99977689 0.99998503
0.2695740875  0.99985163 0.99998503
0.2698303262  1.00020371 0.99998503
0.2701024469  1.00046349 0.99998503
0.2712383096  0.99973134 0.99998503
0.2716001381  0.99990466 0.99998503
0.2718787769  0.99991343 0.99998503
0.2721338142  1.00010478 0.99998503
0.2724237508  1.00055664 0.99998503
0.2735891243  1.00008354 0.99998503
0.2739168122  1.00012038 0.99998503
0.2741808096  1.00006322 0.99998503
0.2744412483  0.99993947 0.99998503
0.2759264762  0.99983952 0.99998503
0.2762263007  1.00004512 0.99998503
0.2764824581  1.00004463 0.99998503
0.2778906629  1.00026388 0.99998503
0.2782524002  1.00005135 0.99998503
0.2785309120  1.00000169 0.99998503
0.2787859917  0.99994600 0.99998503
0.2790759608  1.00010114 0.99998503
0.2802414288  1.00002337 0.99998503
0.2805689799  0.99987661 0.99998503
0.2808329382  1.00000140 0.99998503
0.2810934388  1.00033584 0.99998503
0.2825787383  0.99988147 0.99998503
0.2828784814  1.00033832 0.99998503
0.2831346550  1.00005451 0.99998503
0.2834068766  1.00028506 0.99998503
0.2845429803  1.00016672 0.99998503
0.2849046297  0.99978046 0.99998503
0.2851830797  0.99988563 0.99998503
0.2854381659  0.99976386 0.99998503
0.2868937006  0.99997000 0.99998503
0.2872211801  1.00012665 0.99998503
0.2874851351  0.99977398 0.99998503
0.2877456618  0.99997297 0.99998503
0.2892310037  1.00032522 0.99998503
0.2895306295  1.00034673 0.99998503
0.2897868227  1.00040330 0.99998503
0.2911953661  1.00017981 0.99998503
0.2915568234  0.99992915 0.99998503
0.2918352832  0.99971032 0.99998503
0.2920903400  0.99998471 0.99998503
0.2935460376  0.99988144 0.99998503
0.2938734161  1.00001744 0.99998503
0.2941372996  0.99980507 0.99998503
0.2958832657  0.99981145 0.99998503
0.2961828428  0.99982633 0.99998503
0.2964389871  0.99992868 0.99998503
0.2967113389  1.00003552 0.99998503
0.2978477161  1.00007619 0.99998503
0.2982090855  1.00013541 0.99998503
0.2984874183  1.00010080 0.99998503
0.3001983420  0.99996465 0.99998503
0.3005255838  1.00003321 0.99998503
0.3007894282  1.00001282 0.99998503
0.3010500134  0.99991960 0.99998503
0.3025354953  0.99984942 0.99998503
0.3028350235  0.99976628 0.99998503
0.3033635196  0.99990868 0.99998503
0.3045000368  1.00010555 0.99998503
0.3048613118  1.00026815 0.99998503
0.3051395859  1.00016179 0.99998503
0.3053946917  0.99977045 0.99998503
0.3068506139  0.99992320 0.99998503
0.3071777840  0.99971656 0.99998503
0.3077022364  0.99980560 0.99998503
0.3091877899  1.00018429 0.99998503
0.3094871716  1.00021591 0.99998503
0.3097433192  0.99980096 0.99998503
0.3100157361  0.99978217 0.99998503
0.3111524194  1.00007028 0.99998503
0.3115135055  1.00000672 0.99998503
0.3117917862  1.00004677 0.99998503
0.3120468658  1.00018989 0.99998503
0.3135029476  0.99980062 0.99998503
0.3138300168  0.99997106 0.99998503
0.3140937863  1.00006247 0.99998503
0.3143543976  1.00009520 0.99998503
0.3158400520  1.00018608 0.99998503
0.3161393849  1.00017076 0.99998503
0.3163954836  0.99999363 0.99998503
0.3166679820  1.00008390 0.99998503
0.3178047694  1.00009576 0.99998503
0.3181657676  1.00042435 0.99998503
0.3184439213  1.00040264 0.99998503
0.3186990726  1.00005956 0.99998503
0.3201552194  1.00005391 0.99998503
0.3207459181  0.99981384 0.99998503
0.3210065881  1.00053860 0.99998503
0.3224922815  0.99999866 0.99998503
0.3227915656  1.00006705 0.99998503
0.3230476480  0.99976705 0.99998503
0.3233201985  0.99963788 0.99998503
0.3244570901  1.00051579 0.99998503
0.3250960890  0.99999634 0.99998503
0.3253512500  1.00002308 0.99998503
0.3268075206  1.00006489 0.99998503
0.3271343847  0.99977433 0.99998503
0.3273981151  0.99990963 0.99998503
0.3276588111  1.00001617 0.99998503
0.3294437137  1.00031714 0.99998503
0.3296998157  0.99988791 0.99998503
0.3299723792  0.99985202 0.99998503
0.3311094726  1.00036649 0.99998503
0.3314701908  1.00007424 0.99998503
0.3317482892  1.00027397 0.99998503
0.3320033916  0.99981505 0.99998503
0.3334598576  0.99984534 0.99998503
0.3337866175  0.99968762 0.99998503
0.3340502437  0.99994805 0.99998503
0.3343110048  1.00000080 0.99998503
0.3357968350  1.00017713 0.99998503
0.3360959237  1.00029370 0.99998503
0.3363519801  0.99991450 0.99998503
0.3366246282  0.99979339 0.99998503
0.3381224497  0.99999052 0.99998503
0.3384004569  1.00013727 0.99998503
0.3386555984  0.99993716 0.99998503
0.3401121294  0.99989355 0.99998503
0.3404387852  0.99967177 0.99998503
0.3407024407  1.00019657 0.99998503
0.3409631953  0.99984619 0.99998503
0.3424490646  1.00039081 0.99998503
0.3427481044  1.00004316 0.99998503
0.3430041803  1.00003636 0.99998503
0.3432768122  0.99968246 0.99998503
0.3444141400  0.99962165 0.99998503
0.3447746759  0.99994434 0.99998503
0.3450525920  0.99999374 0.99998503
0.3453077758  0.99990148 0.99998503
0.3467644306  0.99984450 0.99998503
0.3470909822  0.99965395 0.99998503
0.3473546019  0.99988625 0.99998503
0.3491013592  1.00000118 0.99998503
0.3494002851  0.99992290 0.99998503
0.3496563122  0.99986370 0.99998503
0.3499290254  1.00005831 0.99998503
0.3510665226  1.00025423 0.99998503
0.3514268696  0.99984957 0.99998503
0.3517047922  0.99980391 0.99998503
0.3519599174  0.99979532 0.99998503
0.3534167643  1.00000331 0.99998503
0.3537432149  0.99982772 0.99998503
0.3540067337  0.99978154 0.99998503
0.3542675794  0.99978549 0.99998503
0.3557536213  1.00007686 0.99998503
0.3560524658  1.00007658 0.99998503
0.3563085092  1.00005494 0.99998503
0.3565812745  1.00021301 0.99998503
0.3577188400  1.00000339 0.99998503
0.3580791317  0.99979891 0.99998503
0.3583569599  1.00039609 0.99998503
0.3586121242  1.00011039 0.99998503
0.3600690362  1.00011561 0.99998503
0.3603953826  1.00009096 0.99998503
0.3606589307  0.99996399 0.99998503
0.3609197732  1.00000871 0.99998503
0.3624058801  1.00027317 0.99998503
0.3627046465  1.00004151 0.99998503
0.3629606768  1.00007696 0.99998503
0.3632334584  0.99977505 0.99998503
0.3643711900  0.99981051 0.99998503
0.3647313580  0.99992823 0.99998503
0.3650090950  1.00002570 0.99998503
0.3652643016  0.99993813 0.99998503
0.3667213373  1.00016518 0.99998503
0.3670475828  1.00024242 0.99998503
0.3673110918  1.00000314 0.99998503
0.3675719636  1.00016831 0.99998503
0.3690581422  1.00014128 0.99998503
0.3693568239  0.99997217 0.99998503
0.3696128087  1.00002736 0.99998503
0.3710235726  0.99944851 0.99998503
0.3716612952  0.99996464 0.99998503
0.3719165084  1.00025833 0.99998503
0.3722073826  0.99974811 0.99998503
0.3733736710  0.99991826 0.99998503
0.3736998156  1.00037017 0.99998503
0.3739632237  1.00003751 0.99998503
0.3757104043  0.99985616 0.99998503
0.3760090046  1.00012358 0.99998503
0.3762650057  1.00019327 0.99998503
0.3765379208  0.99983921 0.99998503
0.3776759226  0.99949025 0.99998503
0.3780358106  0.99992272 0.99998503
0.3783134661  1.00011525 0.99998503
0.3788596610  0.99975213 0.99998503
0.3800259755  0.99948707 0.99998503
0.3803520159  1.00035330 0.99998503
0.3806154174  1.00010256 0.99998503
0.3808763478  1.00020863 0.99998503
0.3826611853  0.99998763 0.99998503
0.3831901047  1.00009151 0.99998503
0.3843282400  0.99969794 0.99998503
0.3846880368  0.99984643 0.99998503
0.3849656012  1.00047328 0.99998503
0.3855119068  1.00006101 0.99998503
0.3866782766  0.99996586 0.99998503
0.3875285415  0.99991561 0.99998503
0.3890149252  0.99935617 0.99998503
0.3893133660  0.99996299 0.99998503
0.3895693052  0.99992052 0.99998503
0.3898423538  1.00012157 0.99998503
0.3909806193  0.99977105 0.99998503
0.3913402631  1.00009643 0.99998503
0.3918730016  1.00022895 0.99998503
0.3921641851  0.99986476 0.99998503
0.3933305778  1.00010220 0.99998503
0.3936564131  0.99977811 0.99998503
0.3939197430  1.00033577 0.99998503
0.3956671841  0.99945177 0.99998503
0.3964945670  0.99996155 0.99998503
0.3976329693  0.99967142 0.99998503
0.3979924894  0.99978946 0.99998503
0.3982699691  0.99984046 0.99998503
0.3985251790  0.99996549 0.99998503
0.3988163984  1.00041438 0.99998503
0.3999828789  1.00031966 0.99998503
0.4005719074  1.00042896 0.99998503
0.4023194462  1.00009255 0.99998503
0.4026177241  0.99960522 0.99998503
0.4028736373  1.00025154 0.99998503
0.4031467510  1.00010014 0.99998503
0.4042852868  0.99995157 0.99998503
0.4049221694  0.99992176 0.99998503
0.4051773207  1.00020675 0.99998503
0.4054686442  1.00002890 0.99998503
0.4066352127  1.00014832 0.99998503
0.4069608135  1.00008176 0.99998503
0.4072240718  1.00000251 0.99998503
0.4089717376  0.99988423 0.99998503
0.4092699048  0.99996599 0.99998503
0.4095258050  0.99982937 0.99998503
0.4097990000  0.99998644 0.99998503
0.4109376661  0.99964508 0.99998503
0.4115743045  0.99988084 0.99998503
0.4118295307  0.99990142 0.99998503
0.4121209226  1.00016910 0.99998503
0.4136130105  1.00017969 0.99998503
0.4138762330  1.00002403 0.99998503
0.4141373457  1.00002935 0.99998503
0.4156239671  0.99983816 0.99998503
0.4159220855  0.99997313 0.99998503
0.4161780019  0.99951222 0.99998503
0.4164512166  0.99998078 0.99998503
0.4175900161  0.99978508 0.99998503
0.4179491682  0.99996828 0.99998503
0.4182264689  0.99987056 0.99998503
0.4184817049  1.00006807 0.99998503
0.4187731358  0.99985022 0.99998503
0.4199397824  1.00005050 0.99998503
0.4202652107  0.99987033 0.99998503
0.4205284300  1.00036103 0.99998503
0.4207895036  1.00033033 0.99998503
0.4222762259  0.99986752 0.99998503
0.4225742630  0.99999540 0.99998503
0.4228301338  0.99981726 0.99998503
0.4231034656  0.99998673 0.99998503
0.4242423954  1.00001158 0.99998503
0.4246013945  0.99997520 0.99998503
0.4248786691  1.00008316 0.99998503
0.4251338497  1.00003852 0.99998503
0.4254253816  0.99999564 0.99998503
0.4265921161  1.00011263 0.99998503
0.4269174109  0.99970465 0.99998503
0.4271805586  1.00006155 0.99998503
0.4274416973  0.99991980 0.99998503
0.4289285173  1.00026669 0.99998503
0.4292264762  1.00030034 0.99998503
0.4294823340  0.99979301 0.99998503
0.4297556496  1.00002967 0.99998503
0.4308947128  0.99979079 0.99998503
0.4312536208  1.00021624 0.99998503
0.4315308042  1.00015472 0.99998503
0.4317860565  0.99993483 0.99998503
0.4320776600  1.00000792 0.99998503
0.4332443847  0.99988975 0.99998503
0.4335696079  1.00001664 0.99998503
0.4338327555  1.00000607 0.99998503
0.4355807468  0.99992037 0.99998503
0.4358786211  1.00002477 0.99998503
0.4361344984  1.00008208 0.99998503
0.4364078661  1.00016325 0.99998503
0.4375470595  1.00015128 0.99998503
0.4379058764  1.00011542 0.99998503
0.4381829719  0.99979862 0.99998503
0.4384382339  1.00038762 0.99998503
0.4387299058  1.00035460 0.99998503
0.4398966859  0.99995476 0.99998503
0.4402217756  1.00006865 0.99998503
0.4404849167  0.99979579 0.99998503
0.4407460848  1.00027427 0.99998503
0.4422330057  0.99995291 0.99998503
0.4425308018  0.99966409 0.99998503
0.4427866336  1.00045638 0.99998503
0.4430601151  1.00002324 0.99998503
0.4441994388  1.00007655 0.99998503
0.4445580701  1.00014390 0.99998503
0.4448351721  1.00000342 0.99998503
0.4450904439  1.00012677 0.99998503
0.4453821516  0.99997437 0.99998503
0.4465490164  0.99998800 0.99998503
0.4468740051  1.00026834 0.99998503
0.4471370485  1.00011543 0.99998503
0.4473982752  0.99980264 0.99998503
0.4488852971  0.99994627 0.99998503
0.4491830150  1.00012867 0.99998503
0.4494388305  0.99992752 0.99998503
0.4508517563  0.99999027 0.99998503
0.4512102963  1.00005014 0.99998503
0.4514873073  1.00023807 0.99998503
0.4517425855  0.99985651 0.99998503
0.4520343974  1.00001035 0.99998503
0.4532012850  1.00019643 0.99998503
0.4535262054  1.00004887 0.99998503
0.4537892455  0.99996002 0.99998503
0.4555375233  0.99997834 0.99998503
0.4558351599  0.99994432 0.99998503
0.4560909982  0.99995590 0.99998503
0.4563645156  0.99987046 0.99998503
0.4575041030  1.00012667 0.99998503
0.4578625552  0.99998630 0.99998503
0.4581394749  1.00045469 0.99998503
0.4586866432  0.99992164 0.99998503
0.4598535861  1.00028442 0.99998503
0.4601783698  1.00000188 0.99998503
0.4604414067  0.99995191 0.99998503
0.4607026626  0.99992063 0.99998503
0.4621897854  1.00011069 0.99998503
0.4624873406  0.99995081 0.99998503
0.4627431626  0.99992806 0.99998503
0.4630167647  0.99994404 0.99998503
0.4641564823  1.00045724 0.99998503
0.4645147456  1.00019368 0.99998503
0.4647916752  0.99999446 0.99998503
0.4650469697  0.99991190 0.99998503
0.4653388923  0.99993381 0.99998503
0.4665059166  0.99993750 0.99998503
0.4668306026  0.99997057 0.99998503
0.4670935385  0.99981945 0.99998503
0.4673548889  0.99994520 0.99998503
0.4688420768  1.00009875 0.99998503
0.4691395506  1.00000858 0.99998503
0.4693953303  1.00016906 0.99998503
0.4696689812  0.99995332 0.99998503
0.4708087965  1.00030522 0.99998503
0.4711669719  1.00026899 0.99998503
0.4716991146  1.00051561 0.99998503
0.4719911381  0.99978825 0.99998503
0.4731581852  1.00003355 0.99998503
0.4734827995  0.99972288 0.99998503
0.4737457323  1.00013378 0.99998503
0.4740070826  1.00002121 0.99998503
0.4754943031  1.00017055 0.99998503
0.4757916987  0.99990865 0.99998503
0.4760474947  1.00027877 0.99998503
0.4763211651  1.00024175 0.99998503
0.4774611432  1.00027886 0.99998503
0.4778192308  1.00009807 0.99998503
0.4783512920  1.00022375 0.99998503
0.4786433839  0.99996626 0.99998503
0.4798104863  0.99993649 0.99998503
0.4803978967  0.99992510 0.99998503
0.4806592438  1.00000058 0.99998503
0.4821465619  1.00004842 0.99998503
0.4824438762  1.00030793 0.99998503
0.4826996624  1.00009838 0.99998503
0.4829734142  1.00005890 0.99998503
0.4841135225  1.00049899 0.99998503
0.4844714212  0.99951981 0.99998503
0.4850034988  0.99967462 0.99998503
0.4852956330  0.99979772 0.99998503
0.4864628168  0.99991189 0.99998503
0.4867871967  0.99995990 0.99998503
0.4870500253  1.00049859 0.99998503
0.4873114701  1.00028385 0.99998503
0.4890960894  0.99983508 0.99998503
0.4893518268  1.00007277 0.99998503
0.4896256340  0.99998010 0.99998503
0.4907658367  1.00026534 0.99998503
0.4911236475  0.99979919 0.99998503
0.4914003133  0.99982264 0.99998503
0.4916556762  0.99997106 0.99998503
0.4919478788  1.00004605 0.99998503
0.4931150854  0.99991159 0.99998503
0.4934393970  0.99984625 0.99998503
0.4937022222  1.00002075 0.99998503
0.4939636605  0.99989743 0.99998503
0.4957482343  1.00028387 0.99998503
0.4960039945  0.99988489 0.99998503
0.4962778505  1.00008799 0.99998503
0.4977758738  0.99979782 0.99998503
0.4980524810  1.00009298 0.99998503
0.4983078211  1.00015062 0.99998503
0.4986001246  1.00021064 0.99998503
0.4997673833  1.00022049 0.99998503
0.5002269168  1.00005618 0.99998503
0.5007639791  0.99987116 0.99998503
0.5019207214  1.00003483 0.99998503
0.5022608400  1.00025198 0.99998503
0.5027872492  1.00007746 0.99998503
0.5042630319  1.00044355 0.99998503
0.5045728192  1.00018094 0.99998503
0.5048312199  1.00004436 0.99998503
0.5050981703  1.00003123 0.99998503
0.5062166143  1.00024943 0.99998503
0.5065931266  0.99992233 0.99998503
0.5068790584  1.00057682 0.99998503
0.5071337735  1.00007285 0.99998503
0.5074162086  1.00019432 0.99998503
0.5085730747  0.99976383 0.99998503
0.5089130500  0.99983035 0.99998503
0.5094394657  0.99976859 0.99998503
0.5109153429  1.00004461 0.99998503
0.5112250097  1.00012144 0.99998503
0.5114834168  0.99983412 0.99998503
0.5117503738  0.99975816 0.99998503
0.5128689546  1.00009342 0.99998503
0.5132453659  0.99980840 0.99998503
0.5137859769  0.99997997 0.99998503
0.5140684414  1.00015641 0.99998503
0.5152253661  0.99981456 0.99998503
0.5155652600  0.99989327 0.99998503
0.5158339686  0.99975162 0.99998503
0.5160916496  0.99989423 0.99998503
0.5175675887  1.00013397 0.99998503
0.5178771969  1.00012895 0.99998503
0.5181355487  0.99977964 0.99998503
0.5184025772  0.99994406 0.99998503
0.5195213274  1.00028768 0.99998503
0.5198976084  0.99992332 0.99998503
0.5201834329  1.00012208 0.99998503
0.5204381153  0.99977756 0.99998503
0.5207206709  0.99999992 0.99998503
0.5218776868  0.99984266 0.99998503
0.5222174700  0.99978915 0.99998503
0.5224861655  0.99990734 0.99998503
0.5227438661  1.00019050 0.99998503
0.5242198963  0.99989520 0.99998503
0.5245294167  0.99969562 0.99998503
0.5247877098  1.00006497 0.99998503
0.5250547840  0.99969385 0.99998503
0.5261737295  0.99975765 0.99998503
0.5265498477  1.00018442 0.99998503
0.5268355745  1.00018155 0.99998503
0.5270902862  1.00010879 0.99998503
0.5273729362  0.99996912 0.99998503
0.5285300400  0.99989814 0.99998503
0.5288696800  0.99992899 0.99998503
0.5291383300  0.99991122 0.99998503
0.5293960208  1.00001915 0.99998503
0.5308721421  0.99980367 0.99998503
0.5311816039  1.00004904 0.99998503
0.5314399068  0.99969535 0.99998503
0.5317069875  1.00010915 0.99998503
0.5328260697  0.99999419 0.99998503
0.5332020545  1.00022545 0.99998503
0.5334877780  0.99980488 0.99998503
0.5337424897  0.99996723 0.99998503
0.5340251365  0.99985975 0.99998503
0.5351823281  1.00020361 0.99998503
0.5355218900  1.00024500 0.99998503
0.5357905269  1.00014790 0.99998503
0.5360482047  0.99997493 0.99998503
0.5375244205  1.00011063 0.99998503
0.5378337585  1.00021455 0.99998503
0.5380920387  0.99980818 0.99998503
0.5383591942  1.00002668 0.99998503
0.5394784425  0.99998049 0.99998503
0.5398543263  0.99989871 0.99998503
0.5401399163  1.00015685 0.99998503
0.5403946281  0.99984739 0.99998503
0.5406773693  0.99998433 0.99998503
0.5418346488  1.00016867 0.99998503
0.5421741000  0.99999472 0.99998503
0.5424426588  1.00008681 0.99998503
0.5427004213  1.00009284 0.99998503
0.5441767282  0.99996088 0.99998503
0.5444859783  1.00012197 0.99998503
0.5447442031  1.00003940 0.99998503
0.5450113977  0.99984505 0.99998503
0.5461308446  1.00005960 0.99998503
0.5465065689  1.00009652 0.99998503
0.5467920905  1.00001841 0.99998503
0.5470467990  1.00041276 0.99998503
0.5473296346  1.00030531 0.99998503
0.5484869695  1.00000539 0.99998503
0.5488263100  1.00023373 0.99998503
0.5490948232  1.00023259 0.99998503
0.5493525726  1.00000773 0.99998503
0.5508289740  0.99991348 0.99998503
0.5511381655  1.00010639 0.99998503
0.5513963968  1.00018308 0.99998503
0.5516636044  0.99997665 0.99998503
0.5527831815  1.00008651 0.99998503
0.5531587756  1.00017907 0.99998503
0.5534442940  1.00008388 0.99998503
0.5536990025  1.00005643 0.99998503
0.5539818316  0.99983060 0.99998503
0.5551392902  0.99987387 0.99998503
0.5554785200  1.00000922 0.99998503
0.5557470202  1.00025230 0.99998503
0.5560047566  0.99999472 0.99998503
0.5574812491  1.00009654 0.99998503
0.5577903201  0.99999197 0.99998503
0.5580485287  0.99998956 0.99998503
0.5583158405  0.99980157 0.99998503
0.5594355543  0.99990211 0.99998503
0.5598110475  1.00009969 0.99998503
0.5600964324  0.99959855 0.99998503
0.5603511734  0.99989840 0.99998503
0.5606340644  1.00031731 0.99998503
0.5617916109  0.99976976 0.99998503
0.5621307625  1.00017334 0.99998503
0.5623991520  1.00006965 0.99998503
0.5626569764  0.99977387 0.99998503
0.5641335600  0.99971199 0.99998503
0.5644425399  0.99972653 0.99998503
0.5647006931  0.99998788 0.99998503
0.5660879239  0.99996066 0.99998503
0.5664632868  1.00018798 0.99998503
0.5667486033  0.99981627 0.99998503
0.5670033411  1.00015297 0.99998503
0.5684439316  1.00029480 0.99998503
0.5687829400  1.00025903 0.99998503
0.5690513164  1.00026540 0.99998503
0.5693091278  0.99988090 0.99998503
0.5707858026  1.00001110 0.99998503
0.5710947271  0.99999118 0.99998503
0.5713528901  0.99999747 0.99998503
0.5727402934  0.99993843 0.99998503
0.5731155261  0.99997281 0.99998503
0.5734008100  0.99973108 0.99998503
0.5736555120  1.00000378 0.99998503
0.5739385299  0.99953300 0.99998503
0.5750962523  0.99983941 0.99998503
0.5754351500  1.00004467 0.99998503
0.5757035134  0.99990602 0.99998503
0.5774380810  0.99990536 0.99998503
0.5777468785  1.00013411 0.99998503
0.5780050545  1.00026125 0.99998503
0.5782724574  0.99982140 0.99998503
0.5793926662  0.99990896 0.99998503
0.5797677654  0.99986065 0.99998503
0.5800529810  1.00027808 0.99998503
0.5805907953  0.99993689 0.99998503
0.5817485730  1.00006048 0.99998503
0.5820873925  1.00011307 0.99998503
0.5823556420  0.99997489 0.99998503
0.5826135282  1.00025676 0.99998503
0.5840903886  1.00005196 0.99998503
0.5843990983  0.99991691 0.99998503
0.5849246316  0.99998886 0.99998503
0.5860450357  0.99999709 0.99998503
0.5864200047  0.99986724 0.99998503
0.5867051193  0.99968758 0.99998503
0.5869598539  0.99990465 0.99998503
0.5872430281  1.00030683 0.99998503
0.5884009263  1.00010875 0.99998503
0.5887395700  1.00009080 0.99998503
0.5890078064  0.99974644 0.99998503
0.5892657154  1.00023533 0.99998503
0.5907426670  0.99995131 0.99998503
0.5910512855  0.99993344 0.99998503
0.5913093800  1.00022621 0.99998503
0.5915768709  1.00010703 0.99998503
0.5926974052  1.00018828 0.99998503
0.5930722440  0.99982953 0.99998503
0.5936120248  0.99994487 0.99998503
0.5938952283  1.00024455 0.99998503
0.5950532144  0.99971501 0.99998503
0.5953918093  0.99984934 0.99998503
0.5956600034  1.00007761 0.99998503
0.5959178994  1.00009487 0.99998503
0.5973949096  0.99995187 0.99998503
0.5979615445  1.00000291 0.99998503
0.5982290744  1.00014911 0.99998503
0.5993497748  0.99975213 0.99998503
0.5997244833  1.00011382 0.99998503
0.6000094970  0.99993458 0.99998503
0.6002641957  1.00006964 0.99998503
0.6005474937  1.00029130 0.99998503
0.6017055318  0.99999573 0.99998503
0.6023121678  0.99983266 0.99998503
0.6025700833  1.00028145 0.99998503
0.6040472172  1.00006305 0.99998503
0.6043556599  0.99960547 0.99998503
0.6046137089  1.00015875 0.99998503
0.6048812486  1.00019406 0.99998503
0.6060021769  1.00014758 0.99998503
0.6066616354  0.99982518 0.99998503
0.6069163992  1.00006674 0.99998503
0.6071997264  1.00000510 0.99998503
0.6083578851  0.99966483 0.99998503
0.6086961967  0.99987745 0.99998503
0.6089642997  0.99980166 0.99998503
0.6092222705  1.00006865 0.99998503
0.6106994923  0.99995182 0.99998503
0.6110078471  1.00002087 0.99998503
0.6112658733  0.99986575 0.99998503
0.6115334879  1.00003743 0.99998503
0.6126545138  0.99985217 0.99998503
0.6130289619  0.99974693 0.99998503
0.6133138389  1.00005033 0.99998503
0.6135685376  1.00003114 0.99998503
0.6138519267  1.00009697 0.99998503
0.6150101700  1.00002961 0.99998503
0.6153484393  1.00004867 0.99998503
0.6156164967  0.99990802 0.99998503
0.6158744545  0.99987867 0.99998503
0.6173517382  1.00011508 0.99998503
0.6176599985  0.99987891 0.99998503
0.6179180377  0.99992456 0.99998503
0.6181856946  1.00034636 0.99998503
0.6196812337  0.99989903 0.99998503
0.6199660098  1.00000986 0.99998503
0.6202207085  0.99995734 0.99998503
0.6205041953  1.00000851 0.99998503
0.6216624907  0.99986631 0.99998503
0.6220006460  0.99993652 0.99998503
0.6222686611  1.00019752 0.99998503
0.6225266384  0.99989382 0.99998503
0.6240040458  0.99994584 0.99998503
0.6243122183  1.00015822 0.99998503
0.6245702314  1.00009740 0.99998503
0.6248378656  1.00009697 0.99998503
0.6259592822  0.99995929 0.99998503
0.6263334405  0.99990034 0.99998503
0.6266182133  1.00004716 0.99998503
0.6268729120  0.99990646 0.99998503
0.6271564281  0.99998080 0.99998503
0.6283148439  0.99977597 0.99998503
0.6286528234  0.99998054 0.99998503
0.6289207897  1.00001833 0.99998503
0.6291788256  0.99996607 0.99998503
0.6306563209  1.00022379 0.99998503
0.6309643729  0.99998014 0.99998503
0.6312223633  1.00001016 0.99998503
0.6314901049  0.99985075 0.99998503
0.6326116192  1.00012661 0.99998503
0.6329856765  0.99987170 0.99998503
0.6332703516  1.00006686 0.99998503
0.6335250504  1.00012799 0.99998503
0.6338086934  0.99998777 0.99998503
0.6349671288  1.00041164 0.99998503
0.6353050660  0.99974180 0.99998503
0.6355729866  0.99982295 0.99998503
0.6358310421  0.99969802 0.99998503
0.6373085635  1.00009458 0.99998503
0.6376165601  0.99992533 0.99998503
0.6378745277  0.99956344 0.99998503
0.6381423116  1.00053646 0.99998503
0.6392639887  0.99982822 0.99998503
0.6396379484  0.99992894 0.99998503
0.6399225258  1.00009258 0.99998503
0.6401772539  1.00009892 0.99998503
0.6404608936  1.00032745 0.99998503
0.6416194462  1.00003553 0.99998503
0.6419572727  0.99995492 0.99998503
0.6422251511  1.00012388 0.99998503
0.6424831968  1.00038777 0.99998503
0.6439608712  0.99991411 0.99998503
0.6442687766  0.99992859 0.99998503
0.6447944858  1.00020785 0.99998503
0.6459163875  0.99990338 0.99998503
0.6462901551  1.00026790 0.99998503
0.6465747293  0.99973313 0.99998503
0.6468294280  0.99982171 0.99998503
0.6482717995  1.00008827 0.99998503
0.6486094827  0.99975141 0.99998503
0.6488773155  0.99980591 0.99998503
0.6491354133  1.00006093 0.99998503
0.6506131463  0.99998256 0.99998503
0.6509209638  0.99961018 0.99998503
0.6525687245  1.00012696 0.99998503
0.6529423911  1.00005022 0.99998503
0.6532268677  1.00012610 0.99998503
0.6534815664  0.99976245 0.99998503
0.6549240844  1.00014802 0.99998503
0.6552616895  1.00002684 0.99998503
0.6555294799  1.00007027 0.99998503
0.6572653888  0.99992358 0.99998503
0.6575731185  1.00003063 0.99998503
0.6578310535  0.99966386 0.99998503
0.6580989318  0.99976826 0.99998503
0.6592210941  0.99983427 0.99998503
0.6595946630  0.99994070 0.99998503
0.6598790386  1.00003059 0.99998503
0.6615764344  0.99976148 0.99998503
0.6619138995  0.99991858 0.99998503
0.6621816117  0.99974229 0.99998503
0.6624397519  0.99988401 0.99998503
0.6639176965  1.00007147 0.99998503
0.6642253350  1.00008871 0.99998503
0.6647511711  0.99983353 0.99998503
0.6658734929  1.00017524 0.99998503
0.6662468697  0.99971761 0.99998503
0.6665312421  1.00007843 0.99998503
0.6667859408  1.00002283 0.99998503
0.6682287518  0.99975332 0.99998503
0.6685661062  1.00021464 0.99998503
0.6690919717  1.00021754 0.99998503
0.6705699684  0.99981135 0.99998503
0.6708775222  0.99991323 0.99998503
0.6711353465  0.99999838 0.99998503
0.6714033453  0.99984506 0.99998503
0.6725258299  1.00003462 0.99998503
0.6728991058  1.00009312 0.99998503
0.6731833805  0.99998272 0.99998503
0.6734380792  0.99980759 0.99998503
0.6748810399  0.99991623 0.99998503
0.6752183162  1.00058919 0.99998503
0.6754859699  1.00015626 0.99998503
0.6757441556  1.00013656 0.99998503
0.6772222109  0.99975089 0.99998503
0.6775297094  0.99992166 0.99998503
0.6777875435  0.99990128 0.99998503
0.6780555520  1.00014508 0.99998503
0.6791781961  1.00018689 0.99998503
0.6795513776  1.00049580 0.99998503
0.6798355514  1.00020818 0.99998503
0.6800902827  1.00023214 0.99998503
0.6815333899  1.00018802 0.99998503
0.6821381017  1.00028716 0.99998503
0.6823963103  1.00004567 0.99998503
0.6838745186  1.00029743 0.99998503
0.6841818933  1.00011518 0.99998503
0.6844396753  1.00027653 0.99998503
0.6847077588  0.99986000 0.99998503
0.6858305950  1.00001862 0.99998503
0.6864877549  0.99978571 0.99998503
0.6867424536  0.99954886 0.99998503
0.6881857074  1.00010349 0.99998503
0.6885227329  1.00003165 0.99998503
0.6887902987  1.00000812 0.99998503
0.6890485268  1.00043917 0.99998503
0.6908340805  1.00003885 0.99998503
0.6910918398  1.00052807 0.99998503
0.6913599655  0.99963001 0.99998503
0.6924829287  1.00019838 0.99998503
0.6928558204  1.00010652 0.99998503
0.6931398932  0.99978589 0.99998503
0.6933945920  0.99999626 0.99998503
0.6948379923  1.00022849 0.99998503
0.6951749397  1.00007527 0.99998503
0.6954424631  1.00033852 0.99998503
0.6957007140  0.99977309 0.99998503
0.6971790656  1.00006738 0.99998503
0.6974863003  1.00020665 0.99998503
0.6977440367  1.00011080 0.99998503
0.6995080890  0.99979971 0.99998503
0.6997920642  0.99981117 0.99998503
0.7000467955  0.99997753 0.99998503
0.7014903423  1.00038686 0.99998503
0.7018271464  1.00023729 0.99998503
0.7020945950  0.99990463 0.99998503
0.7023528654  0.99967572 0.99998503
0.7038313407  1.00023002 0.99998503
0.7041384517  1.00049592 0.99998503
0.7043962011  1.00026822 0.99998503
0.7057876971  0.99964746 0.99998503
0.7061602958  1.00015145 0.99998503
0.7064442676  0.99991887 0.99998503
0.7066989696  0.99985109 0.99998503
0.7081426597  0.99956746 0.99998503
0.7084793564  0.99996632 0.99998503
0.7087467887  0.99990954 0.99998503
0.7090050851  1.00013584 0.99998503
0.7104836158  1.00014339 0.99998503
0.7107906389  0.99997160 0.99998503
0.7110483330  0.99979729 0.99998503
0.7113165857  0.99995417 0.99998503
0.7124400633  0.99996885 0.99998503
0.7128125318  1.00002971 0.99998503
0.7130964060  0.99989766 0.99998503
0.7133511406  1.00011774 0.99998503
0.7147949771  1.00007425 0.99998503
0.7151315632  0.99955273 0.99998503
0.7153989531  1.00001153 0.99998503
0.7156572398  0.99986487 0.99998503
0.7171358876  1.00001020 0.99998503
0.7174428554  1.00002598 0.99998503
0.7177005267  1.00030321 0.99998503
0.7179688250  0.99968855 0.99998503
0.7190924296  1.00016551 0.99998503
0.7194648004  0.99994172 0.99998503
0.7197485769  1.00008841 0.99998503
0.7200033115  1.00010363 0.99998503
0.7214472913  0.99986022 0.99998503
0.7220511175  1.00025027 0.99998503
0.7223094563  0.99999826 0.99998503
0.7237881628  1.00003073 0.99998503
0.7240950101  0.99980354 0.99998503
0.7243526586  0.99968661 0.99998503
0.7246210350  1.00021117 0.99998503
0.7257447959  1.00005831 0.99998503
0.7261170397  1.00043585 0.99998503
0.7264007804  1.00007330 0.99998503
0.7266554824  0.99992411 0.99998503
0.7280996088  0.99958964 0.99998503
0.7287032819  0.99987289 0.99998503
0.7289616435  1.00003947 0.99998503
0.7304404346  0.99998874 0.99998503
0.7307471940  1.00007870 0.99998503
0.7310048230  1.00016034 0.99998503
0.7323971622  0.99988874 0.99998503
0.7327692758  0.99992262 0.99998503
0.7330529514  1.00013818 0.99998503
0.7333076533  1.00005219 0.99998503
0.7347519262  1.00006616 0.99998503
0.7350881866  1.00026291 0.99998503
0.7353554464  0.99982918 0.99998503
0.7370927097  0.99981208 0.99998503
0.7373994105  1.00016789 0.99998503
0.7376570200  0.99998823 0.99998503
0.7379254485  1.00008742 0.99998503
0.7390495284  0.99995834 0.99998503
0.7394215118  0.99981818 0.99998503
0.7397050897  1.00019703 0.99998503
0.7414042762  1.00002361 0.99998503
0.7417403934  1.00001845 0.99998503
0.7420076401  0.99993196 0.99998503
0.7422660146  1.00028282 0.99998503
0.7437450141  0.99984442 0.99998503
0.7440515652  0.99974344 0.99998503
0.7445776553  1.00038089 0.99998503
0.7457018947  1.00015589 0.99998503
0.7460737478  1.00020871 0.99998503
0.7463572932  0.99977083 0.99998503
0.7466119985  0.99983361 0.99998503
0.7480565578  0.99991966 0.99998503
0.7486597719  1.00015208 0.99998503
0.7489182018  0.99976105 0.99998503
