-0.2497927413  0.99975944 0.99998657
-0.2494396254  0.99978939 0.99998657
-0.2491651182  1.00016539 0.99998657
-0.2489093776  1.00016802 0.99998657
-0.2486143034  0.99974854 0.99998657
-0.2471249308  0.99971664 0.99998657
-0.2468633558  0.99973241 0.99998657
-0.2466006738  1.00002138 0.99998657
-0.2451108975  1.00000135 0.99998657
-0.2448167577  1.00021307 0.99998657
-0.2445614468  1.00032612 0.99998657
-0.2442855429  1.00001645 0.99998657
-0.2431404011  1.00008033 0.99998657
-0.2427874057  1.00013086 0.99998657
-0.2425129831  1.00001983 0.99998657
-0.2422571676  0.99997170 0.99998657
-0.2419620511  1.00009889 0.99998657
-0.2404727046  1.00000106 0.99998657
-0.2402111946  0.99998389 0.99998657
-0.2399484768  0.99986526 0.99998657
-0.2384586452  0.99975729 0.99998657
-0.2381645802  0.99992448 0.99998657
-0.2379092466  1.00000817 0.99998657
-0.2376333231  1.00017690 0.99998657
-0.2364880608  0.99991199 0.99998657
-0.2361351533  1.00013062 0.99998657
-0.2358607862  1.00029494 0.99998657
-0.2356049902  1.00000016 0.99998657
-0.2341407331  0.99999025 0.99998657
-0.2338205076  0.99994751 0.99998657
-0.2335590628  0.99975979 0.99998657
-0.2332962798  0.99976664 0.99998657
-0.2318063896  0.99992284 0.99998657
-0.2315124354  0.99993995 0.99998657
-0.2312571115  0.99991741 0.99998657
-0.2298357206  1.00018029 0.99998657
-0.2294829629  0.99990740 0.99998657
-0.2292086185  0.99980062 0.99998657
-0.2289528421  0.99999654 0.99998657
-0.2274884384  0.99989133 0.99998657
-0.2271683139  1.00030958 0.99998657
-0.2269068658  1.00000411 0.99998657
-0.2251541373  1.00002821 0.99998657
-0.2248602254  0.99998338 0.99998657
-0.2246049438  0.99980436 0.99998657
-0.2243288804  1.00020760 0.99998657
-0.2231833804  1.00007635 0.99998657
-0.2228307431  1.00036416 0.99998657
-0.2225564866  1.00032118 0.99998657
-0.2220053299  0.99991790 0.99998657
-0.2208361471  0.99992311 0.99998657
-0.2205161169  0.99968929 0.99998657
-0.2199918533  1.00007033 0.99998657
-0.2185018817  1.00044639 0.99998657
-0.2182080512  1.00017353 0.99998657
-0.2176766573  1.00013434 0.99998657
-0.2165310434  1.00002592 0.99998657
-0.2161784908  1.00015810 0.99998657
-0.2159042864  1.00005905 0.99998657
-0.2156484546  1.00005777 0.99998657
-0.2153530776  1.00011747 0.99998657
-0.2141838524  0.99993864 0.99998657
-0.2136025728  1.00005066 0.99998657
-0.2133396889  0.99970542 0.99998657
-0.2118496294  1.00017981 0.99998657
-0.2115558737  1.00020140 0.99998657
-0.2113006085  1.00014958 0.99998657
-0.2110244376  0.99992206 0.99998657
-0.2098787032  1.00007932 0.99998657
-0.2095263036  1.00016729 0.99998657
-0.2089963098  0.99988659 0.99998657
-0.2087007927  0.99949132 0.99998657
-0.2075315610  0.99990178 0.99998657
-0.2069503791  0.99993561 0.99998657
-0.2066874626  0.99985337 0.99998657
-0.2051973770  1.00031653 0.99998657
-0.2049036963  0.99994137 0.99998657
-0.2046484441  1.00044409 0.99998657
-0.2043722146  1.00010836 0.99998657
-0.2032263629  1.00015066 0.99998657
-0.2028740806  1.00035525 0.99998657
-0.2025999543  0.99975115 0.99998657
-0.2023440965  1.00002113 0.99998657
-0.2020485730  1.00042516 0.99998657
-0.2008792664  1.00011198 0.99998657
-0.2002982147  0.99985639 0.99998657
-0.2000352657  0.99986981 0.99998657
-0.1985450922  0.99979027 0.99998657
-0.1982515189  0.99996478 0.99998657
-0.1979962438  1.00001887 0.99998657
-0.1977200274  1.00001920 0.99998657
-0.1965739934  0.99988650 0.99998657
-0.1959477899  0.99963609 0.99998657
-0.1956919191  0.99991854 0.99998657
-0.1953963206  0.99967408 0.99998657
-0.1942269750  1.00048107 0.99998657
-0.1939073388  1.00017597 0.99998657
-0.1936460535  1.00007256 0.99998657
-0.1933831012  0.99980465 0.99998657
-0.1915993414  1.00020855 0.99998657
-0.1913441087  1.00004725 0.99998657
-0.1910677718  0.99988282 0.99998657
-0.1899216857  1.00000533 0.99998657
-0.1895696410  0.99990051 0.99998657
-0.1892956222  0.99957401 0.99998657
-0.1887440358  1.00014312 0.99998657
-0.1875746836  1.00032008 0.99998657
-0.1872551125  1.00001850 0.99998657
-0.1869938891  0.99993104 0.99998657
-0.1867308717  1.00026290 0.99998657
-0.1852406168  0.99970156 0.99998657
-0.1849471672  1.00005712 0.99998657
-0.1846919085  1.00004448 0.99998657
-0.1844155520  0.99983804 0.99998657
-0.1832693162  1.00029271 0.99998657
-0.1829174213  0.99983317 0.99998657
-0.1826434578  1.00024507 0.99998657
-0.1820918160  1.00017419 0.99998657
-0.1809223564  1.00015774 0.99998657
-0.1806029155  0.99987219 0.99998657
-0.1803417572  1.00009499 0.99998657
-0.1800787073  1.00008371 0.99998657
-0.1785883319  0.99978633 0.99998657
-0.1782949898  0.99989910 0.99998657
-0.1780397408  0.99996104 0.99998657
-0.1777632964  0.99978355 0.99998657
-0.1766170085  1.00003725 0.99998657
-0.1762651690  0.99983508 0.99998657
-0.1759912901  0.99999473 0.99998657
-0.1754395311  1.00010777 0.99998657
-0.1739507544  0.99961749 0.99998657
-0.1736895635  1.00000914 0.99998657
-0.1734265103  1.00026461 0.99998657
-0.1719361122  1.00005475 0.99998657
-0.1716428124  1.00035940 0.99998657
-0.1713876057  1.00002548 0.99998657
-0.1711111092  0.99975786 0.99998657
-0.1699646716  0.99991942 0.99998657
-0.1696129492  1.00011755 0.99998657
-0.1693391257  0.99994325 0.99998657
-0.1690832028  1.00002019 0.99998657
-0.1687872788  0.99988801 0.99998657
-0.1676178061  1.00009911 0.99998657
-0.1672985281  1.00010590 0.99998657
-0.1670373991  1.00005457 0.99998657
-0.1667742808  1.00000864 0.99998657
-0.1652838599  1.00001577 0.99998657
-0.1649906382  1.00005483 0.99998657
-0.1647354055  1.00000011 0.99998657
-0.1644588862  0.99999868 0.99998657
-0.1633122988  0.99975976 0.99998657
-0.1629607620  1.00001799 0.99998657
-0.1626869581  1.00001655 0.99998657
-0.1624310254  1.00014219 0.99998657
-0.1621350265  1.00016782 0.99998657
-0.1609654822  1.00012376 0.99998657
-0.1606463344  0.99973887 0.99998657
-0.1603852705  0.99994491 0.99998657
-0.1601221164  0.99982691 0.99998657
-0.1586315750  0.99993143 0.99998657
-0.1583384607  0.99970144 0.99998657
-0.1580832704  0.99992477 0.99998657
-0.1578066306  0.99999669 0.99998657
-0.1566599943  1.00014734 0.99998657
-0.1563085097  0.99990748 0.99998657
-0.1560347611  1.00018682 0.99998657
-0.1557788447  1.00007482 0.99998657
-0.1554827709  0.99998148 0.99998657
-0.1543132234  0.99988179 0.99998657
-0.1539941732  0.99973014 0.99998657
-0.1537330735  1.00009370 0.99998657
-0.1534699194  0.99997706 0.99998657
-0.1519793552  0.99945030 0.99998657
-0.1516862833  0.99994655 0.99998657
-0.1514311027  0.99965993 0.99998657
-0.1500076574  0.99993592 0.99998657
-0.1496562899  0.99989742 0.99998657
-0.1493826260  0.99962499 0.99998657
-0.1491266672  0.99999108 0.99998657
-0.1488305186  0.99993184 0.99998657
-0.1476609320  1.00013340 0.99998657
-0.1473419437  0.99970444 0.99998657
-0.1470809124  0.99995380 0.99998657
-0.1453270703  1.00004115 0.99998657
-0.1450341059  1.00006694 0.99998657
-0.1447789057  0.99985138 0.99998657
-0.1445022204  1.00002340 0.99998657
-0.1433552878  0.99962528 0.99998657
-0.1430041027  1.00025713 0.99998657
-0.1427304616  0.99987102 0.99998657
-0.1421782662  1.00024308 0.99998657
-0.1410086080  0.99992619 0.99998657
-0.1406897500  0.99972613 0.99998657
-0.1404287805  0.99979019 0.99998657
-0.1401655222  1.00019073 0.99998657
-0.1386748180  0.99984973 0.99998657
-0.1383819317  1.00028961 0.99998657
-0.1378499648  1.00002989 0.99998657
-0.1367029834  0.99993499 0.99998657
-0.1363518504  0.99979750 0.99998657
-0.1360782613  0.99973901 0.99998657
-0.1358223091  1.00031335 0.99998657
-0.1355260139  0.99991083 0.99998657
-0.1343563492  0.99984583 0.99998657
-0.1340375888  1.00008502 0.99998657
-0.1335132927  1.00015020 0.99998657
-0.1320226015  1.00007093 0.99998657
-0.1317297217  0.99979423 0.99998657
-0.1314746029  0.99999391 0.99998657
-0.1311977418  0.99990424 0.99998657
-0.1300506465  1.00021939 0.99998657
-0.1296996306  0.99982283 0.99998657
-0.1294261295  0.99986887 0.99998657
-0.1291700991  1.00012976 0.99998657
-0.1288737583  1.00019535 0.99998657
-0.1277040578  0.99988756 0.99998657
-0.1271244224  1.00018901 0.99998657
-0.1268610957  0.99979459 0.99998657
-0.1253703166  1.00017173 0.99998657
-0.1248224027  0.99976341 0.99998657
-0.1245455188  1.00030850 0.99998657
-0.1233982769  0.99990631 0.99998657
-0.1227739292  1.00019894 0.99998657
-0.1225179510  0.99974756 0.99998657
-0.1222214735  1.00000927 0.99998657
-0.1210517338  0.99996745 0.99998657
-0.1204722580  1.00015008 0.99998657
-0.1202089313  1.00022855 0.99998657
-0.1187180643  0.99995753 0.99998657
-0.1184254026  1.00011606 0.99998657
-0.1181702350  1.00029173 0.99998657
-0.1178932990  0.99997840 0.99998657
-0.1167459725  1.00003656 0.99998657
-0.1158657410  0.99976754 0.99998657
-0.1155692211  0.99997711 0.99998657
-0.1143994750  1.00006292 0.99998657
-0.1140810077  1.00003211 0.99998657
-0.1138200968  1.00010042 0.99998657
-0.1135567018  1.00009748 0.99998657
-0.1120658445  1.00022445 0.99998657
-0.1115180348  1.00006710 0.99998657
-0.1112410760  0.99981144 0.99998657
-0.1100936355  1.00011014 0.99998657
-0.1097429746  1.00004089 0.99998657
-0.1094696297  1.00005730 0.99998657
-0.1092135603  0.99992933 0.99998657
-0.1089169981  0.99995139 0.99998657
-0.1074287814  1.00025332 0.99998657
-0.1071679324  0.99993789 0.99998657
-0.1069045015  0.99993619 0.99998657
-0.1054135629  0.99982676 0.99998657
-0.1048658997  1.00002142 0.99998657
-0.1045888530  0.99983112 0.99998657
-0.1034412660  1.00017649 0.99998657
-0.1030907874  1.00004784 0.99998657
-0.1028174327  1.00025033 0.99998657
-0.1025614121  0.99993465 0.99998657
-0.1022647132  0.99996330 0.99998657
-0.1010948597  1.00022934 0.99998657
-0.1007766202  1.00014046 0.99998657
-0.1005157387  1.00004456 0.99998657
-0.1002523045  0.99988401 0.99998657
-0.0987613106  0.99995762 0.99998657
-0.0984688736  0.99973844 0.99998657
-0.0982137320  0.99997212 0.99998657
-0.0979366300  1.00032579 0.99998657
-0.0967889616  0.99990997 0.99998657
-0.0964385350  0.99988095 0.99998657
-0.0961652683  0.99998065 0.99998657
-0.0959092021  0.99983989 0.99998657
-0.0956124577  1.00006754 0.99998657
-0.0944426041  1.00010025 0.99998657
-0.0941244265  1.00024641 0.99998657
-0.0938636068  1.00008602 0.99998657
-0.0936001076  1.00006935 0.99998657
-0.0921090583  0.99995100 0.99998657
-0.0918166668  1.00015557 0.99998657
-0.0915615318  1.00006350 0.99998657
-0.0912844069  0.99996730 0.99998657
-0.0901366246  1.00007297 0.99998657
-0.0897863185  1.00002034 0.99998657
-0.0895131332  1.00024331 0.99998657
-0.0892570214  1.00049832 0.99998657
-0.0889602379  0.99990148 0.99998657
-0.0877903127  0.99989190 0.99998657
-0.0874722002  1.00010432 0.99998657
-0.0872114424  1.00024138 0.99998657
-0.0869479106  0.99976133 0.99998657
-0.0854568092  1.00009683 0.99998657
-0.0851645219  1.00020957 0.99998657
-0.0849093967  0.99983110 0.99998657
-0.0846321514  1.00023823 0.99998657
-0.0834842551  1.00002520 0.99998657
-0.0831341313  1.00004902 0.99998657
-0.0828609362  1.00001804 0.99998657
-0.0826048766  0.99985581 0.99998657
-0.0823079498  1.00014031 0.99998657
-0.0811379887  0.99991163 0.99998657
-0.0808200391  0.99995902 0.99998657
-0.0805592487  1.00019515 0.99998657
-0.0802957104  1.00008191 0.99998657
-0.0788045569  1.00011913 0.99998657
-0.0785123478  1.00010788 0.99998657
-0.0782572290  0.99999948 0.99998657
-0.0779799609  0.99996478 0.99998657
-0.0768319214  0.99987457 0.99998657
-0.0764818823  0.99993612 0.99998657
-0.0762087686  1.00006807 0.99998657
-0.0744857006  0.99976433 0.99998657
-0.0741678453  0.99995083 0.99998657
-0.0736435134  1.00027217 0.99998657
-0.0721523078  0.99990836 0.99998657
-0.0718601378  1.00035345 0.99998657
-0.0716050288  0.99993271 0.99998657
-0.0701796169  0.99996838 0.99998657
-0.0698296625  1.00011308 0.99998657
-0.0695566042  0.99994169 0.99998657
-0.0693004826  1.00018740 0.99998657
-0.0690034744  1.00009550 0.99998657
-0.0678334418  1.00022846 0.99998657
-0.0675156191  1.00040089 0.99998657
-0.0655000555  0.99999813 0.99998657
-0.0652079961  1.00029790 0.99998657
-0.0649528937  0.99985324 0.99998657
-0.0646754823  1.00007234 0.99998657
-0.0635272507  1.00023453 0.99998657
-0.0631774427  0.99997306 0.99998657
-0.0629044397  1.00032441 0.99998657
-0.0623511863  0.99992492 0.99998657
-0.0611811211  0.99993712 0.99998657
-0.0608634254  1.00007838 0.99998657
-0.0603390836  0.99985932 0.99998657
-0.0588478064  1.00029711 0.99998657
-0.0585557861  0.99943533 0.99998657
-0.0580232918  1.00013178 0.99998657
-0.0568749137  0.99980513 0.99998657
-0.0565252262  1.00022089 0.99998657
-0.0562523046  0.99993006 0.99998657
-0.0559961245  1.00010822 0.99998657
-0.0556989340  1.00033220 0.99998657
-0.0545288297  1.00005735 0.99998657
-0.0542112642  1.00002449 0.99998657
-0.0536868867  0.99985588 0.99998657
-0.0521955541  0.99993831 0.99998657
-0.0519036120  0.99986071 0.99998657
-0.0516485258  1.00018082 0.99998657
-0.0513710363  1.00005216 0.99998657
-0.0502226125  0.99997788 0.99998657
-0.0498730065  1.00001552 0.99998657
-0.0496001077  0.99982314 0.99998657
-0.0493439438  0.99996772 0.99998657
-0.0490466458  1.00009003 0.99998657
-0.0478765741  0.99999925 0.99998657
-0.0475590412  1.00020222 0.99998657
-0.0470347190  1.00020320 0.99998657
-0.0455432725  0.99993695 0.99998657
-0.0449963907  1.00001642 0.99998657
-0.0447188100  1.00000792 0.99998657
-0.0435702430  0.99985749 0.99998657
-0.0432207899  1.00003547 0.99998657
-0.0429479400  0.99991252 0.99998657
-0.0426917338  1.00018407 0.99998657
-0.0423944228  1.00008566 0.99998657
-0.0412242534  0.99945030 0.99998657
-0.0406462687  1.00029688 0.99998657
-0.0403824895  0.99997376 0.99998657
-0.0388910560  1.00001837 0.99998657
-0.0385992603  0.99986276 0.99998657
-0.0383441904  1.00011684 0.99998657
-0.0380666195  1.00002872 0.99998657
-0.0369179093  0.99994008 0.99998657
-0.0362957756  1.00019281 0.99998657
-0.0360395857  1.00034912 0.99998657
-0.0357421672  1.00012058 0.99998657
-0.0342546863  1.00012930 0.99998657
-0.0339941075  1.00005297 0.99998657
-0.0337302892  0.99998747 0.99998657
-0.0322388036  1.00002403 0.99998657
-0.0319470829  0.99994455 0.99998657
-0.0316920228  0.99978284 0.99998657
-0.0314143639  0.99999999 0.99998657
-0.0302656049  0.99998536 0.99998657
-0.0296436437  1.00018832 0.99998657
-0.0293874050  0.99992361 0.99998657
-0.0290898791  1.00006538 0.99998657
-0.0276024600  0.99985261 0.99998657
-0.0273419106  0.99964451 0.99998657
-0.0270781248  1.00014785 0.99998657
-0.0255865220  1.00009248 0.99998657
-0.0250398844  1.00000323 0.99998657
-0.0247621409  1.00013792 0.99998657
-0.0232641372  1.00018450 0.99998657
-0.0229914435  0.99972677 0.99998657
-0.0227351950  0.99996315 0.99998657
-0.0224376593  1.00007368 0.99998657
-0.0212673857  0.99976949 0.99998657
-0.0209502663  0.99966309 0.99998657
-0.0206897820  1.00034508 0.99998657
-0.0204258920  1.00025216 0.99998657
-0.0189343055  1.00000837 0.99998657
-0.0186427345  1.00028320 0.99998657
-0.0183876842  0.99994701 0.99998657
-0.0181099472  0.99993191 0.99998657
-0.0166119174  0.99995485 0.99998657
-0.0163392791  0.99993222 0.99998657
-0.0160830468  1.00022627 0.99998657
-0.0157854363  0.99990659 0.99998657
-0.0146150976  1.00020023 0.99998657
-0.0142980433  0.99974176 0.99998657
-0.0140376175  1.00003597 0.99998657
-0.0122820564  0.99999675 0.99998657
-0.0119905571  0.99986928 0.99998657
-0.0117355165  1.00007533 0.99998478
-0.0114576916  0.99996300 0.99997330
-0.0103086037  1.00017830 0.99989441
-0.0099597009  0.99984712 0.99986664
-0.0096871146  1.00009605 0.99984263
-0.0094308661  0.99992426 0.99982166
-0.0079628388  1.00019155 0.99968466
-0.0076458821  0.99948095 0.99965325
-0.0073854206  0.99978498 0.99962657
-0.0071214623  0.99936567 0.99960110
-0.0056298041  0.99946187 0.99944731
-0.0053383829  0.99937555 0.99941571
-0.0050833814  0.99936844 0.99938903
-0.0048054686  0.99946289 0.99935953
-0.0033074844  0.99918809 0.99928234
-0.0030349470  0.99943986 0.99927468
-0.0027786529  0.99928055 0.99926833
-0.0013105181  0.99937070 0.99924463
-0.0009936884  0.99898359 0.99924193
-0.0004692979  0.99935908 0.99923913
0.0010224449  0.99929302 0.99924214
0.0013137945  0.99929533 0.99924466
0.0015688188  0.99925839 0.99924742
0.0018467577  0.99921551 0.99925103
0.0029960963  0.99922112 0.99927367
0.0033447354  0.99927080 0.99928347
0.0036172174  0.99940210 0.99929234
0.0038734953  0.99949530 0.99930183
0.0053417701  0.99948632 0.99941606
0.0056585346  0.99919310 0.99945036
0.0059188724  0.99932450 0.99947622
0.0061829024  0.99996454 0.99950477
0.0076746940  0.99983931 0.99965595
0.0079659687  0.99983520 0.99968500
0.0082209865  0.99978230 0.99970890
0.0096483974  0.99971979 0.99983949
0.0099969519  1.00005902 0.99986946
0.0102694144  0.99988907 0.99989089
0.0105257052  1.00013111 0.99991102
0.0119940582  1.00001647 0.99998657
0.0123106958  0.99973773 0.99998657
0.0125710336  0.99994496 0.99998657
0.0143269431  1.00008284 0.99998657
0.0146181429  1.00012512 0.99998657
0.0148731542  1.00011084 0.99998657
0.0163007637  0.99994929 0.99998657
0.0166492010  1.00016029 0.99998657
0.0169215495  1.00000461 0.99998657
0.0186463463  1.00005408 0.99998657
0.0189628895  0.99999019 0.99998657
0.0192231980  0.99977890 0.99998657
0.0194872996  1.00014017 0.99998657
0.0209791921  0.99951243 0.99998657
0.0212703529  1.00041696 0.99998657
0.0218034300  1.00022301 0.99998657
0.0229530974  1.00001082 0.99998657
0.0233013849  0.99987955 0.99998657
0.0235737139  1.00042676 0.99998657
0.0238300666  1.00012658 0.99998657
0.0252986345  1.00009117 0.99998657
0.0256151125  0.99999916 0.99998657
0.0261394998  0.99993694 0.99998657
0.0276314412  0.99975449 0.99998657
0.0279224945  1.00020796 0.99998657
0.0281774895  1.00021848 0.99998657
0.0284556530  1.00005856 0.99998657
0.0296054312  1.00012649 0.99998657
0.0299536014  0.99976352 0.99998657
0.0302259109  1.00039894 0.99998657
0.0304822473  0.99999238 0.99998657
0.0319509226  0.99996094 0.99998657
0.0322672737  0.99997364 0.99998657
0.0325275236  1.00006805 0.99998657
0.0327917000  0.99993391 0.99998657
0.0342836903  1.00001820 0.99998657
0.0348296605  1.00016673 0.99998657
0.0351078467  1.00005886 0.99998657
0.0362577649  1.00019696 0.99998657
0.0366058537  1.00026992 0.99998657
0.0371344280  0.99974971 0.99998657
0.0386032075  0.99992084 0.99998657
0.0389194641  1.00028778 0.99998657
0.0391796880  1.00001246 0.99998657
0.0394438970  1.00054137 0.99998657
0.0409359393  1.00005172 0.99998657
0.0412268754  0.99979244 0.99998657
0.0414818281  1.00013085 0.99998657
0.0417601023  0.99995802 0.99998657
0.0429100986  1.00025541 0.99998657
0.0437865762  0.99993606 0.99998657
0.0452554956  1.00006053 0.99998657
0.0455716904  0.99999856 0.99998657
0.0458318492  0.99995682 0.99998657
0.0460960972  0.99962348 0.99998657
0.0478790203  0.99997697 0.99998657
0.0481339958  0.99964766 0.99998657
0.0484123286  1.00013810 0.99998657
0.0495624323  1.00026431 0.99998657
0.0501824074  0.99946311 0.99998657
0.0504387894  1.00020796 0.99998657
0.0522238483  0.99993070 0.99998657
0.0524840136  1.00009942 0.99998657
0.0527482975  1.00002293 0.99998657
0.0542404342  1.00032847 0.99998657
0.0545311945  0.99992952 0.99998657
0.0547861635  1.00001531 0.99998657
0.0550645549  0.99979441 0.99998657
0.0562147628  0.99999372 0.99998657
0.0565625033  0.99962425 0.99998657
0.0568345393  1.00021678 0.99998657
0.0570909701  1.00003516 0.99998657
0.0585600719  1.00010824 0.99998657
0.0588760420  1.00014834 0.99998657
0.0591361780  0.99988147 0.99998657
0.0594004977  0.99996858 0.99998657
0.0608926833  0.99992075 0.99998657
0.0611833687  0.99998451 0.99998657
0.0614383311  0.99974555 0.99998657
0.0617167779  0.99991920 0.99998657
0.0628670965  1.00004098 0.99998657
0.0632146872  1.00003707 0.99998657
0.0634867069  1.00030708 0.99998657
0.0637431182  0.99977122 0.99998657
0.0652123568  1.00005504 0.99998657
0.0655282650  0.99989064 0.99998657
0.0657883717  1.00000424 0.99998657
0.0660527272  0.99974927 0.99998657
0.0675449324  1.00010837 0.99998657
0.0678355429  0.99999160 0.99998657
0.0680904988  0.99979384 0.99998657
0.0683690041  0.99996476 0.99998657
0.0695193944  0.99985415 0.99998657
0.0698669037  0.99994139 0.99998657
0.0701389039  1.00018360 0.99998657
0.0703953315  0.99984229 0.99998657
0.0718646124  1.00005827 0.99998657
0.0721804262  1.00000353 0.99998657
0.0724405036  0.99991706 0.99998657
0.0727048949  1.00014190 0.99998657
0.0741972107  1.00027899 0.99998657
0.0744877203  1.00043322 0.99998657
0.0747427023  1.00007163 0.99998657
0.0750212630  1.00003896 0.99998657
0.0761717607  1.00011505 0.99998657
0.0765191528  1.00004584 0.99998657
0.0767910358  0.99979203 0.99998657
0.0770475122  1.00003959 0.99998657
0.0785169330  1.00004682 0.99998657
0.0788326167  0.99984458 0.99998657
0.0790926647  0.99997106 0.99998657
0.0793570951  1.00011184 0.99998657
0.0808494272  0.99992234 0.99998657
0.0811398945  0.99977039 0.99998657
0.0813948374  0.99999466 0.99998657
0.0816734860  1.00024557 0.99998657
0.0828240911  1.00004758 0.99998657
0.0831713367  1.00019686 0.99998657
0.0834432002  1.00013202 0.99998657
0.0836997254  1.00006725 0.99998657
0.0851692179  0.99961493 0.99998657
0.0854848429  1.00044448 0.99998657
0.0857448617  1.00012137 0.99998657
0.0860093279  0.99976246 0.99998657
0.0871167608  1.00044068 0.99998657
0.0875016763  0.99989261 0.99998657
0.0877920687  0.99974443 0.99998657
0.0880470051  1.00035224 0.99998657
0.0883256797  0.99992304 0.99998657
0.0894763923  0.99979814 0.99998657
0.0898235532  0.99996952 0.99998657
0.0900954004  0.99995912 0.99998657
0.0903518736  1.00025687 0.99998657
0.0918214735  1.00012526 0.99998657
0.0921370334  1.00002510 0.99998657
0.0923970261  1.00018024 0.99998657
0.0937691108  0.99999637 0.99998657
0.0941539547  1.00009362 0.99998657
0.0944442754  1.00021970 0.99998657
0.0946992053  1.00035281 0.99998657
0.0949779386  1.00015906 0.99998657
0.0961287553  0.99999662 0.99998657
0.0964757991  1.00027745 0.99998657
0.0967475323  0.99993994 0.99998657
0.0984737909  0.99999687 0.99998657
0.0987891913  0.99985408 0.99998657
0.0990491547  1.00003851 0.99998657
0.0993136958  0.99955200 0.99998657
0.1004214933  0.99993128 0.99998657
0.1008061712  1.00004021 0.99998657
0.1010964170  1.00003163 0.99998657
0.1016301648  1.00004387 0.99998657
0.1027810890  0.99996553 0.99998657
0.1031280156  1.00009331 0.99998657
0.1033997292  1.00009756 0.99998657
0.1036562675  0.99976959 0.99998657
0.1051260791  0.99970702 0.99998657
0.1054414176  1.00024008 0.99998657
0.1059659286  1.00007317 0.99998657
0.1070738792  1.00000480 0.99998657
0.1074584202  1.00001536 0.99998657
0.1077485912  1.00010491 0.99998657
0.1080035439  1.00001680 0.99998657
0.1082823553  1.00001917 0.99998657
0.1094333869  0.99978702 0.99998657
0.1097801995  1.00005593 0.99998657
0.1100518937  1.00039650 0.99998657
0.1103084157  1.00004437 0.99998657
0.1117783314  0.99998148 0.99998657
0.1120936080  0.99993726 0.99998657
0.1123535128  1.00004542 0.99998657
0.1126180963  1.00051179 0.99998657
0.1137262617  0.99961458 0.99998657
0.1141106986  1.00021612 0.99998657
0.1144007980  1.00001969 0.99998657
0.1146557116  1.00000295 0.99998657
0.1149346141  0.99983652 0.99998657
0.1160857500  1.00031593 0.99998657
0.1164324486  1.00016525 0.99998657
0.1167040613  1.00009749 0.99998657
0.1169605964  0.99961148 0.99998657
0.1184306488  0.99967718 0.99998657
0.1190056447  1.00022135 0.99998657
0.1192702965  1.00024295 0.99998657
0.1207629119  1.00005478 0.99998657
0.1210529428  1.00005156 0.99998657
0.1213078467  0.99986742 0.99998657
0.1215868404  1.00031177 0.99998657
0.1227380804  1.00004433 0.99998657
0.1230846651  0.99997416 0.99998657
0.1233562257  0.99996937 0.99998657
0.1236128096  1.00012344 0.99998657
0.1250829370  1.00001527 0.99998657
0.1253979922  1.00006409 0.99998657
0.1256578417  1.00003976 0.99998657
0.1259225293  1.00049444 0.99998657
0.1270310236  0.99971484 0.99998657
0.1277051170  1.00000650 0.99998657
0.1279600502  0.99979031 0.99998657
0.1282390992  1.00017639 0.99998657
0.1293903816  1.00014085 0.99998657
0.1297368458  1.00017418 0.99998657
0.1300083902  1.00011235 0.99998657
0.1302649577  0.99997070 0.99998657
0.1317351893  0.99998520 0.99998657
0.1320501827  1.00019306 0.99998657
0.1323100028  1.00005179 0.99998657
0.1325747295  0.99992401 0.99998657
0.1336834061  0.99964561 0.99998657
0.1340674393  0.99997044 0.99998657
0.1343573238  0.99987527 0.99998657
0.1346122178  1.00007523 0.99998657
0.1348912930  0.99997271 0.99998657
0.1360427446  0.99978800 0.99998657
0.1363890948  1.00023271 0.99998657
0.1366605546  0.99998511 0.99998657
0.1369171384  0.99993561 0.99998657
0.1383875067  1.00024223 0.99998657
0.1387023406  1.00001215 0.99998657
0.1389621347  1.00004615 0.99998657
0.1392269297  1.00001570 0.99998657
0.1407196558  0.99995297 0.99998657
0.1410094979  0.99975938 0.99998657
0.1412643530  0.99999296 0.99998657
0.1415435192  0.99995954 0.99998657
0.1426950751  0.99994997 0.99998657
0.1430413114  1.00000316 0.99998657
0.1433127516  0.99989771 0.99998657
0.1435693517  0.99995874 0.99998657
0.1450397916  1.00006681 0.99998657
0.1453545636  0.99990941 0.99998657
0.1456143317  0.99983600 0.99998657
0.1458791300  0.99999457 0.99998657
0.1473719342  0.99989129 0.99998657
0.1476616396  0.99999865 0.99998657
0.1479165564  0.99997332 0.99998657
0.1481957781  1.00017923 0.99998657
0.1493473730  0.99990558 0.99998657
0.1496934921  1.00003716 0.99998657
0.1499648867  0.99973897 0.99998657
0.1502215031  0.99990709 0.99998657
0.1516921091  0.99983265 0.99998657
0.1520067215  1.00004987 0.99998657
0.1522664928  0.99989473 0.99998657
0.1525313302  1.00044746 0.99998657
0.1540241800  1.00006832 0.99998657
0.1543138463  0.99985122 0.99998657
0.1545687241  0.99966882 0.99998657
0.1548479718  0.99995266 0.99998657
0.1559997360  0.99999728 0.99998657
0.1563457411  1.00036608 0.99998657
0.1566170511  0.99994774 0.99998657
0.1583443614  0.99976429 0.99998657
0.1586589478  1.00022417 0.99998657
0.1589186898  0.99968425 0.99998657
0.1591835630  1.00019034 0.99998657
0.1606763965  0.99993164 0.99998657
0.1609660205  0.99991156 0.99998657
0.1612208918  1.00044063 0.99998657
0.1615001981  0.99989954 0.99998657
0.1626520632  0.99985833 0.99998657
0.1629979576  0.99995326 0.99998657
0.1632692481  1.00015405 0.99998657
0.1649966463  1.00024138 0.99998657
0.1653111383  1.00008459 0.99998657
0.1655708217  0.99986361 0.99998657
0.1658357307  0.99992554 0.99998657
0.1673286749  1.00011216 0.99998657
0.1676181621  1.00037141 0.99998657
0.1678730595  0.99991342 0.99998657
0.1693043937  0.99976239 0.99998657
0.1696502034  0.99993983 0.99998657
0.1699213799  0.99959424 0.99998657
0.1716489637  0.99994014 0.99998657
0.1719632962  1.00005412 0.99998657
0.1722229828  0.99974063 0.99998657
0.1724879342  0.99981565 0.99998657
0.1739809207  0.99988687 0.99998657
0.1742703689  1.00003125 0.99998657
0.1745252304  1.00024119 0.99998657
0.1748046506  0.99985653 0.99998657
0.1759567241  1.00005199 0.99998657
0.1763023874  0.99987883 0.99998657
0.1765735118  0.99998435 0.99998657
0.1783012160  0.99996204 0.99998657
0.1786155192  1.00026040 0.99998657
0.1788751798  0.99997030 0.99998657
0.1791401669  0.99979512 0.99998657
0.1802501101  1.00054457 0.99998657
0.1806331665  0.99991141 0.99998657
0.1809225430  1.00019172 0.99998657
0.1814568801  0.99949486 0.99998657
0.1826090546  1.00006455 0.99998657
0.1829546006  0.99976267 0.99998657
0.1832257120  0.99995458 0.99998657
0.1834824424  1.00004964 0.99998657
0.1852677096  1.00000857 0.99998657
0.1857923346  0.99999635 0.99998657
0.1869024894  1.00004151 0.99998657
0.1872854123  0.99987063 0.99998657
0.1875746847  0.99999099 0.99998657
0.1878295690  1.00009936 0.99998657
0.1881091390  1.00014369 0.99998657
0.1892613850  1.00038169 0.99998657
0.1896068171  0.99958108 0.99998657
0.1898778764  0.99985106 0.99998657
0.1901345905  1.00017877 0.99998657
0.1916058183  0.99980780 0.99998657
0.1919198675  0.99971011 0.99998657
0.1921794728  1.00007879 0.99998657
0.1924445674  0.99986761 0.99998657
0.1935548361  1.00010651 0.99998657
0.1939376581  0.99978988 0.99998657
0.1942268914  1.00025732 0.99998657
0.1944817366  0.99968618 0.99998657
0.1959137448  0.99997952 0.99998657
0.1962590304  0.99971921 0.99998657
0.1965300083  1.00011043 0.99998657
0.1967868038  1.00007982 0.99998657
0.1982581032  0.99995150 0.99998657
0.1985720906  0.99993604 0.99998657
0.1988316698  1.00018861 0.99998657
0.1990967676  0.99981463 0.99998657
0.2005899039  1.00006138 0.99998657
0.2008790656  1.00012769 0.99998657
0.2011339369  1.00001970 0.99998657
0.2014135915  0.99999342 0.99998657
0.2025660427  1.00003508 0.99998657
0.2031822052  1.00009874 0.99998657
0.2034389845  0.99976488 0.99998657
0.2049103555  1.00021023 0.99998657
0.2052242810  1.00028144 0.99998657
0.2054837984  1.00015692 0.99998657
0.2057489386  1.00004345 0.99998657
0.2068596305  0.99967337 0.99998657
0.2075312072  0.99982058 0.99998657
0.2077861078  1.00019190 0.99998657
0.2080658211  1.00016032 0.99998657
0.2092183699  1.00034433 0.99998657
0.2095634602  0.99997360 0.99998657
0.2098343697  1.00005969 0.99998657
0.2100911684  1.00021490 0.99998657
0.2118764715  0.99980759 0.99998657
0.2121359628  0.99988841 0.99998657
0.2124011713  0.99996742 0.99998657
0.2138943955  0.99998448 0.99998657
0.2141834139  1.00010689 0.99998657
0.2144382429  1.00004921 0.99998657
0.2147180148  0.99990836 0.99998657
0.2158707329  0.99991116 0.99998657
0.2162156734  0.99987843 0.99998657
0.2164865666  1.00012417 0.99998657
0.2167433491  0.99998385 0.99998657
0.2185286619  0.99966461 0.99998657
0.2187881598  1.00025402 0.99998657
0.2190533716  1.00025176 0.99998657
0.2205466414  0.99983708 0.99998657
0.2208355881  1.00021430 0.99998657
0.2210904431  0.99998389 0.99998657
0.2213702736  0.99999674 0.99998657
0.2225230276  1.00011864 0.99998657
0.2228678867  1.00032302 0.99998657
0.2231386985  1.00020801 0.99998657
0.2233955298  1.00032144 0.99998657
0.2248672069  1.00009751 0.99998657
0.2251808524  1.00000345 0.99998657
0.2254402884  1.00011859 0.99998657
0.2257055425  1.00026156 0.99998657
0.2268167684  0.99973373 0.99998657
0.2271989197  1.00017325 0.99998657
0.2274877916  0.99987962 0.99998657
0.2280224706  1.00005091 0.99998657
0.2291753580  1.00016770 0.99998657
0.2295201032  0.99989660 0.99998657
0.2297908662  0.99988045 0.99998657
0.2300477463  0.99989209 0.99998657
0.2315195211  0.99951554 0.99998657
0.2318330429  0.99998899 0.99998657
0.2320924528  0.99998015 0.99998657
0.2323577753  1.00013761 0.99998657
0.2334691152  0.99972952 0.99998657
0.2338511330  1.00010919 0.99998657
0.2341399332  0.99990603 0.99998657
0.2346747294  1.00015832 0.99998657
0.2358277178  0.99995039 0.99998657
0.2361723164  0.99981807 0.99998657
0.2364430631  1.00006191 0.99998657
0.2366999270  1.00010635 0.99998657
0.2381718060  1.00004282 0.99998657
0.2384852333  1.00042754 0.99998657
0.2387446172  1.00042295 0.99998657
0.2390099788  0.99999751 0.99998657
0.2401215270  1.00020880 0.99998657
0.2405033788  1.00026720 0.99998657
0.2407921074  0.99992795 0.99998657
0.2413269557  1.00004541 0.99998657
0.2424800125  0.99999246 0.99998657
0.2428245297  1.00005315 0.99998657
0.2430951950  0.99974010 0.99998657
0.2433520784  0.99989644 0.99998657
0.2448240551  0.99998530 0.99998657
0.2451374238  1.00005421 0.99998657
0.2453968109  0.99993778 0.99998657
0.2456621464  0.99996511 0.99998657
0.2467739063  1.00043283 0.99998657
0.2471556246  0.99990691 0.99998657
0.2474443142  1.00020555 0.99998657
0.2476991203  1.00014246 0.99998657
0.2479791852  0.99998230 0.99998657
0.2491323429  0.99990263 0.99998657
0.2494767429  0.99998974 0.99998657
0.2497473594  0.99991353 0.99998657
0.2500042916  0.99976589 0.99998657
0.2514763725  0.99996754 0.99998657
0.2517896143  0.99995993 0.99998657
0.2520489753  1.00001324 0.99998657
0.2534262531  1.00010098 0.99998657
0.2538078672  1.00024243 0.99998657
0.2540964558  0.99977736 0.99998657
0.2543512913  0.99982408 0.99998657
0.2546314115  1.00029310 0.99998657
0.2557847027  0.99973713 0.99998657
0.2561289594  1.00016245 0.99998657
0.2581286541  1.00009612 0.99998657
0.2584418373  1.00037448 0.99998657
0.2587011072  0.99998846 0.99998657
0.2589665827  0.99988510 0.99998657
0.2604601130  1.00007431 0.99998657
0.2607486300  1.00027947 0.99998657
0.2612836410  1.00023209 0.99998657
0.2624369973  0.99997915 0.99998657
0.2627811727  1.00004760 0.99998657
0.2630516882  0.99988966 0.99998657
0.2633086237  0.99985058 0.99998657
0.2647809065  0.99997113 0.99998657
0.2650939952  1.00000778 0.99998657
0.2653532684  0.99979938 0.99998657
0.2656187829  1.00035836 0.99998657
0.2667310442  1.00038935 0.99998657
0.2671123588  0.99985347 0.99998657
0.2674008367  1.00021294 0.99998657
0.2679358673  1.00015461 0.99998657
0.2690893571  1.00042560 0.99998657
0.2697038526  0.99996355 0.99998657
0.2699608370  1.00027288 0.99998657
0.2714332206  0.99972850 0.99998657
0.2717461824  0.99979525 0.99998657
0.2720054653  0.99990671 0.99998657
0.2722709864  1.00053362 0.99998657
0.2733834528  1.00039831 0.99998657
0.2737646013  0.99981236 0.99998657
0.2745880968  0.99994760 0.99998657
0.2757416843  1.00010601 0.99998657
0.2760855992  1.00015363 0.99998657
0.2763560496  1.00015990 0.99998657
0.2766130209  0.99974836 0.99998657
0.2780855023  1.00005759 0.99998657
0.2783984054  1.00021531 0.99998657
0.2786576297  0.99978503 0.99998657
0.2789231899  0.99998769 0.99998657
0.2800357996  1.00029429 0.99998657
0.2804168146  0.99998278 0.99998657
0.2807051493  1.00014190 0.99998657
0.2809599685  1.00006224 0.99998657
0.2812403264  1.00000427 0.99998657
0.2823939790  1.00018099 0.99998657
0.2827378124  1.00060786 0.99998657
0.2830082140  1.00036097 0.99998657
0.2832651691  0.99987874 0.99998657
0.2847377546  1.00000664 0.99998657
0.2850505633  1.00019063 0.99998657
0.2853097583  0.99991597 0.99998657
0.2855753901  0.99992184 0.99998657
0.2866881789  1.00021307 0.99998657
0.2870690930  1.00011222 0.99998657
0.2873573560  1.00007176 0.99998657
0.2876121036  0.99999780 0.99998657
0.2878925526  0.99985261 0.99998657
0.2893900583  1.00029794 0.99998657
0.2896603459  0.99980226 0.99998657
0.2899173856  1.00011533 0.99998657
0.2917027538  0.99991721 0.99998657
0.2919619553  1.00016481 0.99998657
0.2922275936  1.00003026 0.99998657
0.2933405875  0.99998871 0.99998657
0.2937213355  0.99993365 0.99998657
0.2940094976  0.99971710 0.99998657
0.2942643071  1.00000255 0.99998657
0.2960422390  0.99977842 0.99998657
0.2963125461  0.99987105 0.99998657
0.2965695337  1.00020987 0.99998657
0.2980423178  1.00014341 0.99998657
0.2983549735  0.99955920 0.99998657
0.2986141197  0.99983733 0.99998657
0.2988797939  0.99971639 0.99998657
0.2999929342  0.99992930 0.99998657
0.3003735813  0.99990261 0.99998657
0.3006616686  1.00034452 0.99998657
0.3009164747  1.00015206 0.99998657
0.3011970117  0.99983720 0.99998657
0.3023509606  1.00006746 0.99998657
0.3026944522  1.00049021 0.99998657
0.3029647105  1.00001589 0.99998657
0.3032217502  1.00028306 0.99998657
0.3046945995  1.00023188 0.99998657
0.3052662483  1.00045193 0.99998657
0.3055319973  0.99983471 0.99998657
0.3066453102  0.99971674 0.99998657
0.3070258239  0.99993047 0.99998657
0.3073138753  1.00023485 0.99998657
0.3075686131  1.00027784 0.99998657
0.3078492380  0.99975143 0.99998657
0.3090033203  1.00018664 0.99998657
0.3093466980  0.99996981 0.99998657
0.3096168424  1.00015004 0.99998657
0.3098739309  1.00001032 0.99998657
0.3113469136  1.00037619 0.99998657
0.3119184453  1.00028147 0.99998657
0.3132977188  0.99951560 0.99998657
0.3136780664  1.00007415 0.99998657
0.3139660169  0.99991306 0.99998657
0.3142208133  0.99994334 0.99998657
0.3145015001  0.99995362 0.99998657
0.3156556443  0.99996371 0.99998657
0.3159988787  0.99987530 0.99998657
0.3162690394  1.00013235 0.99998657
0.3165260823  1.00004054 0.99998657
0.3179991953  1.00016588 0.99998657
0.3183115449  0.99956612 0.99998657
0.3185706097  0.99988634 0.99998657
0.3188364011  1.00015892 0.99998657
0.3199500981  0.99972399 0.99998657
0.3203303122  1.00021361 0.99998657
0.3206181911  1.00011514 0.99998657
0.3208729843  0.99993428 0.99998657
0.3211536970  0.99962291 0.99998657
0.3223079389  0.99975392 0.99998657
0.3226510920  0.99994140 0.99998657
0.3229212038  1.00015712 0.99998657
0.3231782988  1.00002313 0.99998657
0.3246514443  0.99998563 0.99998657
0.3249636996  0.99983027 0.99998657
0.3252228034  1.00011051 0.99998657
0.3254886371  1.00036260 0.99998657
0.3266024416  1.00011715 0.99998657
0.3269825548  0.99996359 0.99998657
0.3272703946  1.00002029 0.99998657
0.3275251845  0.99983058 0.99998657
0.3289602987  0.99995810 0.99998657
0.3293033378  0.99997081 0.99998657
0.3295734008  0.99993300 0.99998657
0.3298304795  1.00001987 0.99998657
0.3313037585  0.99978109 0.99998657
0.3316158900  0.99982943 0.99998657
0.3318749353  1.00031613 0.99998657
0.3332548502  0.99951486 0.99998657
0.3336348006  0.99999141 0.99998657
0.3339225362  0.99944993 0.99998657
0.3341773229  0.99997579 0.99998657
0.3344581887  0.99999291 0.99998657
0.3356126227  0.99981946 0.99998657
0.3359555185  1.00000785 0.99998657
0.3362255326  0.99989234 0.99998657
0.3364826309  1.00010396 0.99998657
0.3379560401  0.99976710 0.99998657
0.3382681098  0.99973568 0.99998657
0.3385270997  0.99969721 0.99998657
0.3387930441  1.00008717 0.99998657
0.3399072263  0.99950782 0.99998657
0.3408294938  0.99995480 0.99998657
0.3411103824  1.00041515 0.99998657
0.3422649173  0.99989632 0.99998657
0.3426077317  0.99994498 0.99998657
0.3428776970  0.99986522 0.99998657
0.3431348441  0.99993685 0.99998657
0.3446082892  0.99999364 0.99998657
0.3449202677  1.00013419 0.99998657
0.3454452443  0.99984955 0.99998657
0.3465595730  0.99953541 0.99998657
0.3469393183  1.00027956 0.99998657
0.3474816940  1.00000414 0.99998657
0.3477626445  1.00005490 0.99998657
0.3489172738  1.00003323 0.99998657
0.3492599743  0.99966901 0.99998657
0.3495298940  0.99987172 0.99998657
0.3497870281  1.00006449 0.99998657
0.3512606034  0.99972444 0.99998657
0.3515724907  0.99995244 0.99998657
0.3520974152  0.99982027 0.99998657
0.3532119816  0.99993148 0.99998657
0.3535915283  1.00016219 0.99998657
0.3541338324  1.00013275 0.99998657
0.3544148740  1.00012771 0.99998657
0.3555696010  1.00003263 0.99998657
0.3559121550  0.99960287 0.99998657
0.3561820259  0.99992735 0.99998657
0.3564392120  0.99966588 0.99998657
0.3579128850  0.99965546 0.99998657
0.3582246779  1.00017373 0.99998657
0.3584835897  1.00007423 0.99998657
0.3587496513  1.00013515 0.99998657
0.3598643251  1.00031139 0.99998657
0.3602437741  1.00013488 0.99998657
0.3607860001  1.00020650 0.99998657
0.3610670710  0.99964984 0.99998657
0.3622218924  1.00025887 0.99998657
0.3628341903  1.00008549 0.99998657
0.3630913960  0.99991430 0.99998657
0.3645651341  1.00013366 0.99998657
0.3648768684  0.99996612 0.99998657
0.3651357867  1.00008324 0.99998657
0.3654018548  0.99995241 0.99998657
0.3665166979  1.00031911 0.99998657
0.3671834332  0.99982730 0.99998657
0.3674382035  0.99981508 0.99998657
0.3677193331  1.00005166 0.99998657
0.3688742522  0.99994360 0.99998657
0.3692166140  0.99987658 0.99998657
0.3694863872  1.00016186 0.99998657
0.3697435767  0.99994842 0.99998657
0.3715290556  1.00008162 0.99998657
0.3717879153  1.00016124 0.99998657
0.3720540257  1.00003355 0.99998657
0.3738355748  0.99995868 0.99998657
0.3740903419  1.00022695 0.99998657
0.3743715626  1.00015934 0.99998657
0.3755265761  0.99950323 0.99998657
0.3758688240  1.00007698 0.99998657
0.3761385191  0.99996442 0.99998657
0.3763957932  0.99994852 0.99998657
0.3778697266  0.99988238 0.99998657
0.3781812461  0.99987753 0.99998657
0.3784400797  0.99990537 0.99998657
0.3787062617  1.00022368 0.99998657
0.3802005017  0.99984373 0.99998657
0.3804877783  0.99994535 0.99998657
0.3807425096  0.99965936 0.99998657
0.3810238247  0.99998944 0.99998657
0.3825210373  0.99999593 0.99998657
0.3827906835  1.00007037 0.99998657
0.3830479446  1.00027920 0.99998657
0.3845219757  1.00009535 0.99998657
0.3848334007  1.00004716 0.99998657
0.3850922767  0.99988385 0.99998657
0.3853584652  1.00013569 0.99998657
0.3864738260  1.00042107 0.99998657
0.3868527769  0.99964601 0.99998657
0.3871399525  1.00000715 0.99998657
0.3873947131  0.99989310 0.99998657
0.3876760217  0.99991138 0.99998657
0.3891732505  0.99991322 0.99998657
0.3894428479  1.00002697 0.99998657
0.3897001253  0.99990260 0.99998657
0.3911742866  1.00003663 0.99998657
0.3914856237  1.00018834 0.99998657
0.3917444053  0.99989127 0.99998657
0.3920107013  0.99998475 0.99998657
0.3931262346  1.00043085 0.99998657
0.3935049869  1.00007585 0.99998657
0.3937920941  1.00014044 0.99998657
0.3940468840  0.99997715 0.99998657
0.3943282512  1.00037629 0.99998657
0.3954835512  1.00001117 0.99998657
0.3958254605  1.00022767 0.99998657
0.3960950123  1.00001923 0.99998657
0.3963523418  0.99987269 0.99998657
0.3978265683  0.99978182 0.99998657
0.3981378109  1.00006382 0.99998657
0.3983965697  0.99974059 0.99998657
0.3986628722  1.00000162 0.99998657
0.3997785749  1.00017148 0.99998657
0.4001572294  0.99997763 0.99998657
0.4004442976  0.99987009 0.99998657
0.4006990517  1.00050005 0.99998657
0.4009805165  0.99979924 0.99998657
0.4021358426  1.00004355 0.99998657
0.4024776738  1.00029411 0.99998657
0.4027471768  0.99993493 0.99998657
0.4030045257  1.00009126 0.99998657
0.4044788141  1.00001310 0.99998657
0.4047899688  1.00007504 0.99998657
0.4050487667  1.00016733 0.99998657
0.4053150757  0.99987473 0.99998657
0.4064309509  0.99998532 0.99998657
0.4068095045  0.99997689 0.99998657
0.4070964718  1.00033995 0.99998657
0.4073512226  1.00022856 0.99998657
0.4087881991  1.00007089 0.99998657
0.4091298838  1.00011928 0.99998657
0.4093993412  1.00018529 0.99998657
0.4096566771  1.00007041 0.99998657
0.4111311282  1.00003496 0.99998657
0.4114421886  0.99996118 0.99998657
0.4117009311  0.99992321 0.99998657
0.4130833562  1.00002895 0.99998657
0.4134617145  1.00005839 0.99998657
0.4137486427  1.00040038 0.99998657
0.4140033935  0.99980192 0.99998657
0.4142849430  1.00047200 0.99998657
0.4154405231  0.99994372 0.99998657
0.4157820970  1.00005087 0.99998657
0.4160515056  0.99998132 0.99998657
0.4177834066  1.00001732 0.99998657
0.4180943758  0.99998429 0.99998657
0.4183530922  0.99980078 0.99998657
0.4186194826  0.99944891 0.99998657
0.4197356997  0.99998299 0.99998657
0.4201139571  0.99996357 0.99998657
0.4204008169  0.99984384 0.99998657
0.4209372051  0.99959761 0.99998657
0.4220928145  1.00000526 0.99998657
0.4224343070  0.99996816 0.99998657
0.4227037026  0.99983852 0.99998657
0.4229610776  0.99984410 0.99998657
0.4244356882  0.99984465 0.99998657
0.4247465337  1.00002726 0.99998657
0.4252716861  0.99961547 0.99998657
0.4263880725  0.99996855 0.99998657
0.4267662289  1.00004003 0.99998657
0.4270529878  1.00016279 0.99998657
0.4273077321  1.00005843 0.99998657
0.4275894054  1.00014568 0.99998657
0.4287451710  1.00039505 0.99998657
0.4290865203  1.00014076 0.99998657
0.4296132257  0.99981670 0.99998657
0.4310879666  0.99993035 0.99998657
0.4313987535  1.00000464 0.99998657
0.4316574211  1.00037532 0.99998657
0.4319239222  0.99996707 0.99998657
0.4330404811  0.99988482 0.99998657
0.4334184389  0.99993490 0.99998657
0.4337051620  0.99969821 0.99998657
0.4339599030  0.99998888 0.99998657
0.4342416349  1.00025324 0.99998657
0.4353974949  1.00019089 0.99998657
0.4357387303  0.99993653 0.99998657
0.4362654422  1.00015535 0.99998657
0.4377402450  1.00000463 0.99998657
0.4383095855  0.99998232 0.99998657
0.4385760931  0.99977884 0.99998657
0.4396928539  0.99994663 0.99998657
0.4400707140  0.99989815 0.99998657
0.4403573329  1.00016101 0.99998657
0.4406121033  1.00006631 0.99998657
0.4408938970  0.99992079 0.99998657
0.4420498189  0.99983761 0.99998657
0.4429176262  0.99996734 0.99998657
0.4443925233  1.00004210 0.99998657
0.4447030986  1.00000322 0.99998657
0.4449617466  0.99992498 0.99998657
0.4452282966  0.99981177 0.99998657
0.4463452267  0.99995080 0.99998657
0.4470095071  0.99996665 0.99998657
0.4472642416  0.99994366 0.99998657
0.4475460972  0.99967579 0.99998657
0.4487021396  0.99995469 0.99998657
0.4490431535  1.00015798 0.99998657
0.4495698101  0.99967411 0.99998657
0.4513553183  0.99987920 0.99998657
0.4516139110  1.00031173 0.99998657
0.4518805326  0.99992107 0.99998657
0.4529976027  0.99979825 0.99998657
0.4533751959  0.99998911 0.99998657
0.4536616780  0.99980902 0.99998657
0.4539164126  1.00026110 0.99998657
0.4541983593  1.00000809 0.99998657
0.4553544635  0.99987988 0.99998657
0.4556953635  1.00005055 0.99998657
0.4562219941  0.99996203 0.99998657
0.4576970833  1.00007372 0.99998657
0.4580075055  0.99973234 0.99998657
0.4582661080  1.00037747 0.99998657
0.4585327068  1.00044481 0.99998657
0.4600274385  1.00021727 0.99998657
0.4603138848  0.99992247 0.99998657
0.4605686160  1.00015163 0.99998657
0.4608505563  1.00015340 0.99998657
0.4620067875  1.00002381 0.99998657
0.4623475768  1.00007756 0.99998657
0.4628741780  1.00000266 0.99998657
0.4643493617  0.99984300 0.99998657
0.4646596602  1.00031953 0.99998657
0.4649182366  1.00031955 0.99998657
0.4651849428  1.00012464 0.99998657
0.4663023483  1.00016756 0.99998657
0.4666796810  0.99988681 0.99998657
0.4669660231  1.00042600 0.99998657
0.4672207544  1.00011068 0.99998657
0.4675027891  0.99967530 0.99998657
0.4686591407  1.00044707 0.99998657
0.4689997868  1.00003185 0.99998657
0.4695263945  1.00009038 0.99998657
0.4710016726  0.99997690 0.99998657
0.4713118832  0.99960159 0.99998657
0.4715703685  1.00010037 0.99998657
0.4718371463  1.00009929 0.99998657
0.4729547211  1.00002309 0.99998657
0.4733319203  1.00048284 0.99998657
0.4736181973  1.00018976 0.99998657
0.4738729221  0.99996689 0.99998657
0.4741550512  1.00004531 0.99998657
0.4753114321  1.00053044 0.99998657
0.4756519642  1.00000772 0.99998657
0.4776539184  0.99994836 0.99998657
0.4779640704  1.00028087 0.99998657
0.4782225654  0.99976628 0.99998657
0.4784893173  1.00021556 0.99998657
0.4796070939  0.99984111 0.99998657
0.4799841629  0.99998532 0.99998657
0.4802704008  0.99989951 0.99998657
0.4805250930  0.99990420 0.99998657
0.4808072839  0.99997794 0.99998657
0.4819637561  1.00024005 0.99998657
0.4823042068  0.99993326 0.99998657
0.4828307299  0.99981640 0.99998657
0.4843061968  1.00015289 0.99998657
0.4846162576  0.99986298 0.99998657
0.4848747299  1.00022322 0.99998657
0.4851415566  1.00011650 0.99998657
0.4862594992  0.99986725 0.99998657
0.4866364022  0.99996281 0.99998657
0.4869225392  0.99992092 0.99998657
0.4871772639  0.99983998 0.99998657
0.4886161093  1.00020550 0.99998657
0.4889564200  0.99994213 0.99998657
0.4894829138  0.99983398 0.99998657
0.4909585077  1.00027892 0.99998657
0.4912684448  0.99993969 0.99998657
0.4915269268  1.00001929 0.99998657
0.4917937275  0.99985472 0.99998657
0.4929118395  0.99998759 0.99998657
0.4932886447  1.00009217 0.99998657
0.4935747459  0.99994385 0.99998657
0.4938294674  1.00011122 0.99998657
0.4941117463  1.00009975 0.99998657
0.4952684007  1.00017334 0.99998657
0.4956085975  0.99994900 0.99998657
0.4976107536  0.99993830 0.99998657
0.4979206320  0.99981583 0.99998657
0.4981790554  0.99997427 0.99998657
0.4984459310  1.00032270 0.99998657
0.4995642123  1.00025180 0.99998657
0.4999408840  0.99995738 0.99998657
0.5000915939  1.00007132 0.99998657
0.5003543867  0.99989816 0.99998657
0.5006158217  1.00022024 0.99998657
0.5021033384  1.00002988 0.99998657
0.5024004476  0.99983302 0.99998657
0.5026561589  1.00002641 0.99998657
0.5029300670  1.00001250 0.99998657
0.5040705628  1.00022780 0.99998657
0.5044280968  0.99992892 0.99998657
0.5047046454  1.00010358 0.99998657
0.5049600278  1.00003171 0.99998657
0.5052524062  1.00032892 0.99998657
0.5064197138  0.99989893 0.99998657
0.5067437909  1.00000773 0.99998657
0.5070065153  1.00004602 0.99998657
0.5072680480  0.99986100 0.99998657
0.5087556266  1.00014003 0.99998657
0.5090526250  0.99981850 0.99998657
0.5093083591  0.99989888 0.99998657
0.5095822835  1.00014968 0.99998657
0.5107228770  1.00025024 0.99998657
0.5110803556  1.00011055 0.99998657
0.5113568130  1.00011171 0.99998657
0.5116122053  0.99967671 0.99998657
0.5119046195  0.99998212 0.99998657
0.5130719824  1.00020161 0.99998657
0.5133959911  0.99999369 0.99998657
0.5136587122  0.99999504 0.99998657
0.5139202417  0.99974326 0.99998657
0.5154078854  1.00002028 0.99998657
0.5157048057  1.00033072 0.99998657
0.5159604910  1.00001545 0.99998657
0.5162345358  1.00009408 0.99998657
0.5173752237  0.99980401 0.99998657
0.5177325461  1.00003863 0.99998657
0.5180090133  1.00010143 0.99998657
0.5185569011  0.99995096 0.99998657
0.5197242803  1.00008761 0.99998657
0.5200481881  0.99976255 0.99998657
0.5203108734  1.00017014 0.99998657
0.5205724354  0.99980024 0.99998657
0.5220601117  1.00001890 0.99998657
0.5223569831  1.00042541 0.99998657
0.5226126912  1.00035168 0.99998657
0.5228867198  0.99978234 0.99998657
0.5240275997  1.00001125 0.99998657
0.5243847691  0.99992991 0.99998657
0.5246611809  0.99977841 0.99998657
0.5263766107  0.99998409 0.99998657
0.5267003851  1.00014760 0.99998657
0.5269630704  1.00011424 0.99998657
0.5272246291  0.99984146 0.99998657
0.5290091638  0.99990288 0.99998657
0.5292648556  0.99991939 0.99998657
0.5306799465  0.99984377 0.99998657
0.5310370279  0.99999864 0.99998657
0.5313133161  0.99985655 0.99998657
0.5318613634  0.99991240 0.99998657
0.5330289086  1.00038105 0.99998657
0.5333525821  0.99983971 0.99998657
0.5336151990  0.99994148 0.99998657
0.5356613413  1.00001009 0.99998657
0.5359169907  0.99970560 0.99998657
0.5361911886  0.99998042 0.99998657
0.5373322607  1.00039641 0.99998657
0.5376892184  0.99972796 0.99998657
0.5379655163  1.00001028 0.99998657
0.5385136451  1.00000145 0.99998657
0.5396811772  0.99996300 0.99998657
0.5400047823  1.00021529 0.99998657
0.5402673634  0.99963227 0.99998657
0.5405290524  1.00007564 0.99998657
0.5420169175  0.99963337 0.99998657
0.5423135187  0.99989705 0.99998657
0.5428433725  0.99985473 0.99998657
0.5439846367  0.99999118 0.99998657
0.5443414447  1.00027149 0.99998657
0.5446176807  1.00005359 0.99998657
0.5451658583  1.00003559 0.99998657
0.5463335077  0.99976638 0.99998657
0.5466570118  1.00002794 0.99998657
0.5471812461  1.00009870 0.99998657
0.5489656994  1.00047328 0.99998657
0.5492213554  1.00017243 0.99998657
0.5494956249  0.99995659 0.99998657
0.5506369835  0.99964418 0.99998657
0.5509937003  1.00004568 0.99998657
0.5512698158  0.99962971 0.99998657
0.5515252634  0.99990670 0.99998657
0.5518181074  1.00023867 0.99998657
0.5529857731  0.99985036 0.99998657
0.5533091762  0.99995758 0.99998657
0.5535716890  0.99976254 0.99998657
0.5538334073  1.00003846 0.99998657
0.5556178768  1.00009879 0.99998657
0.5558734905  0.99986650 0.99998657
0.5561478088  0.99992142 0.99998657
0.5572892944  0.99987843 0.99998657
0.5576459233  0.99995322 0.99998657
0.5579220160  0.99995549 0.99998657
0.5581774734  1.00000618 0.99998657
0.5584703890  1.00006787 0.99998657
0.5596380710  1.00006780 0.99998657
0.5602238534  0.99995756 0.99998657
0.5604856335  0.99994573 0.99998657
0.5622700543  0.99997743 0.99998657
0.5625256874  0.99995850 0.99998657
0.5628000286  1.00005196 0.99998657
0.5639416737  0.99992609 0.99998657
0.5645741837  0.99989578 0.99998657
0.5648296183  0.99985950 0.99998657
0.5651226023  1.00010948 0.99998657
0.5662904014  0.99989169 0.99998657
0.5666136027  1.00029625 0.99998657
0.5668760145  0.99998246 0.99998657
0.5671378272  0.99988163 0.99998657
0.5686259496  0.99972195 0.99998657
0.5689222350  1.00004376 0.99998657
0.5691778551  0.99981564 0.99998657
0.5694522776  0.99977359 0.99998657
0.5709503726  0.99964450 0.99998657
0.5712263188  0.99985068 0.99998657
0.5714817957  1.00017911 0.99998657
0.5717748839  1.00014050 0.99998657
0.5732657672  1.00013883 0.99998657
0.5735281789  0.99988333 0.99998657
0.5737899884  1.00011405 0.99998657
0.5752781726  1.00015020 0.99998657
0.5755744124  0.99976967 0.99998657
0.5758299870  1.00015280 0.99998657
0.5761044974  0.99994870 0.99998657
0.5776025956  0.99994433 0.99998657
0.5778785158  1.00009980 0.99998657
0.5781340057  1.00007398 0.99998657
0.5784271330  0.99976858 0.99998657
0.5795949614  1.00000010 0.99998657
0.5799179674  1.00002192 0.99998657
0.5801803401  0.99987259 0.99998657
0.5804422179  1.00006763 0.99998657
0.5819304607  1.00051305 0.99998657
0.5822265899  1.00035340 0.99998657
0.5824821872  1.00003840 0.99998657
0.5827566814  0.99976320 0.99998657
0.5842547860  1.00016485 0.99998657
0.5845306835  1.00019957 0.99998657
0.5847861506  0.99990766 0.99998657
0.5850793495  1.00000164 0.99998657
0.5862472919  1.00000124 0.99998657
0.5865701969  0.99971225 0.99998657
0.5868325045  1.00024471 0.99998657
0.5870944117  1.00013472 0.99998657
0.5885827196  0.99989768 0.99998657
0.5888787673  0.99992816 0.99998657
0.5891343549  1.00031948 0.99998657
0.5894089337  1.00013912 0.99998657
0.5909070416  1.00028340 0.99998657
0.5911828186  1.00003802 0.99998657
0.5914383573  0.99948164 0.99998657
0.5917316311  0.99982972 0.99998657
0.5928995572  1.00000016 0.99998657
0.5932223613  0.99997010 0.99998657
0.5934846657  1.00004470 0.99998657
0.5937466054  0.99992761 0.99998657
0.5952349426  1.00040095 0.99998657
0.5955309480  1.00027409 0.99998657
0.5957865193  0.99994020 0.99998657
0.5960611176  1.00004588 0.99998657
0.5975592646  0.99971283 0.99998657
0.5978350188  1.00013837 0.99998657
0.5980905022  1.00007366 0.99998657
0.5983838802  1.00005373 0.99998657
0.5995518551  0.99976245 0.99998657
0.5998745909  0.99999528 0.99998657
0.6001368301  1.00006700 0.99998657
0.6003987991  1.00020673 0.99998657
0.6018872340  0.99998182 0.99998657
0.6021831254  0.99989577 0.99998657
0.6024386870  1.00015893 0.99998657
0.6027133374  0.99990839 0.99998657
0.6038557378  0.99994726 0.99998657
0.6042114551  1.00034773 0.99998657
0.6044871832  0.99973660 0.99998657
0.6047426796  1.00022682 0.99998657
0.6062041856  1.00035042 0.99998657
0.6065267878  1.00014347 0.99998657
0.6067890271  0.99992716 0.99998657
0.6070509635  0.99989293 0.99998657
0.6085394896  1.00015751 0.99998657
0.6088353029  0.99993965 0.99998657
0.6090908546  1.00012298 0.99998657
0.6105080488  1.00004384 0.99998657
0.6108637107  1.00006256 0.99998657
0.6111393509  0.99990626 0.99998657
0.6113948896  1.00005667 0.99998657
0.6116883783  0.99980590 0.99998657
0.6128564477  0.99984467 0.99998657
0.6131789523  1.00031728 0.99998657
0.6134411557  0.99998261 0.99998657
0.6151917126  0.99966967 0.99998657
0.6154874477  0.99978227 0.99998657
0.6157430190  0.99946728 0.99998657
0.6160177769  0.99996207 0.99998657
0.6171603923  1.00014524 0.99998657
0.6175159337  0.99977873 0.99998657
0.6177915186  1.00007774 0.99998657
0.6183406274  0.99990338 0.99998657
0.6195087456  1.00041008 0.99998657
0.6198311818  0.99996032 0.99998657
0.6200933526  1.00005862 0.99998657
0.6203553835  1.00008530 0.99998657
0.6218440007  1.00009683 0.99998657
0.6221396610  0.99999822 0.99998657
0.6226700260  1.00026688 0.99998657
0.6238127683  1.00015331 0.99998657
0.6241681242  1.00049857 0.99998657
0.6244436862  0.99979445 0.99998657
0.6246992120  1.00009457 0.99998657
0.6249928764  0.99997663 0.99998657
0.6261610728  1.00012387 0.99998657
0.6264833788  1.00024789 0.99998657
0.6270075479  1.00013413 0.99998657
0.6284962595  0.99988587 0.99998657
0.6287918384  1.00042038 0.99998657
0.6290473544  0.99977382 0.99998657
0.6293222458  1.00003350 0.99998657
0.6304650792  1.00000406 0.99998657
0.6308203797  1.00029030 0.99998657
0.6310958507  0.99998631 0.99998657
0.6313514220  0.99987855 0.99998657
0.6316451255  0.99988485 0.99998657
0.6328133381  0.99971328 0.99998657
0.6331355399  0.99998510 0.99998657
0.6333976457  0.99965451 0.99998657
0.6336597742  1.00003979 0.99998657
0.6351485151  0.99991183 0.99998657
0.6354440159  1.00002045 0.99998657
0.6356995188  1.00010639 0.99998657
0.6359744330  1.00001066 0.99998657
0.6374726028  1.00017519 0.99998657
0.6377480183  1.00009809 0.99998657
0.6380035668  0.99994790 0.99998657
0.6382973746  1.00010411 0.99998657
0.6394656328  1.00042429 0.99998657
0.6397877694  0.99988856 0.99998657
0.6400498394  0.99998142 0.99998657
0.6403119679  0.99972941 0.99998657
0.6418007707  0.99986108 0.99998657
0.6420961933  1.00009563 0.99998657
0.6423516865  0.99998124 0.99998657
0.6426266853  1.00005539 0.99998657
0.6437697988  1.00005317 0.99998657
0.6446557443  1.00018484 0.99998657
0.6449496562  1.00008175 0.99998657
0.6461179632  1.00000099 0.99998657
0.6464399664  0.99994797 0.99998657
0.6467020038  0.99994729 0.99998657
0.6469641323  0.99999999 0.99998657
0.6484530263  1.00015633 0.99998657
0.6487483708  1.00004167 0.99998657
0.6490038541  0.99991492 0.99998657
0.6492789050  0.99997913 0.99998657
0.6504221390  1.00029316 0.99998657
0.6507770488  0.99981574 0.99998657
0.6510523830  1.00015280 0.99998657
0.6513079543  1.00003498 0.99998657
0.6516018727  0.99999154 0.99998657
0.6530921634  0.99987228 0.99998657
0.6533541324  1.00011562 0.99998657
0.6536163586  0.99999958 0.99998657
0.6551052819  0.99967978 0.99998657
0.6554005807  0.99983354 0.99998657
0.6556560186  0.99980708 0.99998657
0.6559311216  0.99997211 0.99998657
0.6574292686  1.00004531 0.99998657
0.6577045506  0.99996021 0.99998657
0.6579601317  0.99983428 0.99998657
0.6582541218  0.99982356 0.99998657
0.6594225232  1.00028319 0.99998657
0.6597443604  0.99974252 0.99998657
0.6600063294  1.00045999 0.99998657
0.6602685556  0.99987274 0.99998657
0.6617575374  1.00005826 0.99998657
0.6620527256  1.00045282 0.99998657
0.6623081862  1.00012238 0.99998657
0.6625833413  0.99984908 0.99998657
0.6637268260  0.99997775 0.99998657
0.6640814916  1.00000945 0.99998657
0.6643566858  1.00006255 0.99998657
0.6646123091  1.00004430 0.99998657
0.6649064066  1.00001286 0.99998657
0.6660748504  0.99996230 0.99998657
0.6663965573  0.99961449 0.99998657
0.6666584938  0.99996114 0.99998657
0.6669207818  0.99961048 0.99998657
0.6684097930  1.00002319 0.99998657
0.6687049031  0.99985988 0.99998657
0.6689603865  1.00000077 0.99998657
0.6692355611  0.99960721 0.99998657
0.6703791662  0.99989212 0.99998657
0.6707337146  0.99992896 0.99998657
0.6710088827  0.99994528 0.99998657
0.6712644866  0.99954019 0.99998657
0.6715586557  1.00015222 0.99998657
0.6727271451  0.99991219 0.99998657
0.6730487511  0.99986088 0.99998657
0.6733106224  1.00013450 0.99998657
0.6735729463  0.99985442 0.99998657
0.6750620486  0.99992255 0.99998657
0.6753571131  1.00003281 0.99998657
0.6756125509  1.00001533 0.99998657
0.6758878134  1.00001917 0.99998657
0.6770314771  0.99991602 0.99998657
0.6773859376  0.99992676 0.99998657
0.6776610504  0.99979503 0.99998657
0.6779166640  1.00007314 0.99998657
0.6782108722  1.00000568 0.99998657
0.6793794072  0.99997853 0.99998657
0.6797009480  0.99993000 0.99998657
0.6799628194  1.00005642 0.99998657
0.6802251400  0.99985517 0.99998657
0.6817143367  0.99993866 0.99998657
0.6820092612  0.99985310 0.99998657
0.6822646860  0.99987245 0.99998657
0.6825400006  1.00002648 0.99998657
0.6836838499  1.00020336 0.99998657
0.6840381574  0.99988285 0.99998657
0.6843131855  0.99990755 0.99998657
0.6845688415  1.00004877 0.99998657
0.6860317344  1.00022726 0.99998657
0.6863531450  0.99979190 0.99998657
0.6866149805  0.99989447 0.99998657
0.6868773695  0.99980764 0.99998657
0.6883665597  1.00002839 0.99998657
0.6886614386  0.99992715 0.99998657
0.6889168862  1.00024877 0.99998657
0.6903361934  1.00002171 0.99998657
0.6906903804  0.99991511 0.99998657
0.6909653825  0.99999992 0.99998657
0.6912210189  1.00005581 0.99998657
0.6915154062  1.00012013 0.99998657
0.6926840323  0.99999332 0.99998657
0.6930053094  1.00025554 0.99998657
0.6932671449  1.00026385 0.99998657
0.6950188121  1.00010250 0.99998657
0.6953136486  1.00006197 0.99998657
0.6955690539  1.00016538 0.99998657
0.6958444727  0.99995031 0.99998657
0.6969885011  1.00004096 0.99998657
0.6973426034  1.00013920 0.99998657
0.6976175502  0.99982147 0.99998657
0.6981676552  0.99996395 0.99998657
0.6993362944  0.99990705 0.99998657
0.6996575357  0.99999641 0.99998657
0.6999193061  1.00019732 0.99998657
0.7001817276  1.00004800 0.99998657
0.7016711002  1.00003385 0.99998657
0.7019658261  0.99990836 0.99998657
0.7022211857  1.00019110 0.99998657
0.7024966925  1.00022008 0.99998657
0.7036408739  1.00002926 0.99998657
0.7039948232  1.00008333 0.99998657
0.7042696853  1.00015230 0.99998657
0.7045254096  0.99976442 0.99998657
0.7048199075  0.99990119 0.99998657
0.7059886216  1.00009045 0.99998657
0.7063097327  1.00029785 0.99998657
0.7068339572  1.00014741 0.99998657
0.7083233232  1.00023220 0.99998657
0.7086179710  0.99998596 0.99998657
0.7088733860  1.00017199 0.99998657
0.7091488829  0.99986720 0.99998657
0.7102932173  0.99997308 0.99998657
0.7106470788  1.00004770 0.99998657
0.7109218822  1.00005128 0.99998657
0.7111775545  0.99979459 0.99998657
0.7114721566  0.99995877 0.99998657
0.7126409162  1.00005771 0.99998657
0.7129618971  0.99997983 0.99998657
0.7134861183  1.00005218 0.99998657
0.7149755788  1.00006498 0.99998657
0.7155255536  0.99990183 0.99998657
0.7158011352  1.00010011 0.99998657
0.7169455250  0.99979138 0.99998657
0.7172992660  0.99985728 0.99998657
0.7175740499  0.99994401 0.99998657
0.7178297319  1.00015536 0.99998657
0.7181244415  1.00000217 0.99998657
0.7192931783  1.00000781 0.99998657
0.7198757961  0.99987200 0.99998657
0.7201383153  1.00014112 0.99998657
0.7219223551  1.00013932 0.99998657
0.7221776888  0.99993129 0.99998657
0.7224533550  0.99999271 0.99998657
0.7235978978  0.99975429 0.99998657
0.7239514890  0.99989394 0.99998657
0.7242261850  1.00014990 0.99998657
0.7244819419  1.00015140 0.99998657
0.7247766613  1.00026045 0.99998657
0.7259455055  0.99992258 0.99998657
0.7262663203  1.00014054 0.99998657
0.7265279605  1.00019504 0.99998657
0.7267905416  1.00019123 0.99998657
0.7285745000  0.99997377 0.99998657
0.7288298857  0.99978873 0.99998657
0.7291055422  1.00005523 0.99998657
0.7302502380  1.00002507 0.99998657
0.7306037088  1.00003579 0.99998657
0.7308783820  1.00027073 0.99998657
0.7311340868  1.00034118 0.99998657
0.7314289103  0.99979321 0.99998657
0.7325977969  0.99979702 0.99998657
0.7329184815  1.00005713 0.99998657
0.7331801542  0.99997274 0.99998657
0.7334427386  1.00027762 0.99998657
0.7349323390  1.00006231 0.99998657
0.7352267100  1.00000402 0.99998657
0.7354820534  0.99986206 0.99998657
0.7357577945  0.99970477 0.99998657
0.7372559318  0.99985685 0.99998657
0.7375305171  0.99984591 0.99998657
0.7377862968  0.99989739 0.99998657
0.7380811626  0.99989837 0.99998657
0.7392500916  1.00019569 0.99998657
0.7395707110  1.00000393 0.99998657
0.7398323186  0.99975886 0.99998657
0.7400949355  1.00020910 0.99998657
0.7415846272  0.99982428 0.99998657
0.7418788874  1.00011271 0.99998657
0.7421342536  0.99983578 0.99998657
0.7424100176  1.00003229 0.99998657
0.7435549185  1.00000688 0.99998657
0.7439081841  0.99974077 0.99998657
0.7441826815  1.00024762 0.99998657
0.7444384775  1.00007801 0.99998657
0.7447334117  1.00019785 0.99998657
0.7462229047  1.00024547 0.99998657
0.7464844472  1.00007234 0.99998657
0.7467471325  0.99993276 0.99998657
0.7485310323  0.99998177 0.99998657
0.7487863887  1.00006456 0.99998657
0.7490622699  1.00024933 0.99998657
