-0.2494596165 1.00010432
-0.2494257877 1.00001324
-0.2493877188 1.00010703
-0.2475007811 0.99998532
-0.2473902132 1.00020871
-0.2473418090 1.00001994
-0.2473113555 1.00003852
-0.2453364165 1.00000010
-0.2452623169 0.99995902
-0.2452285066 0.99998846
-0.2451903925 1.00014911
-0.2433033275 1.00002895
-0.2431928663 0.99997464
-0.2431445258 1.00021540
-0.2431140271 0.99993483
-0.2411390101 1.00000124
-0.2410649968 0.99995083
-0.2410312070 0.99979938
-0.2409930847 1.00019406
-0.2391059128 0.99998299
-0.2389955174 1.00009486
-0.2389472201 1.00002984
-0.2389167172 1.00038762
-0.2388606401 0.99991790
-0.2369416448 1.00000016
-0.2368676561 1.00040089
-0.2368338848 0.99990671
-0.2367957358 1.00003743
-0.2349084797 0.99996855
-0.2347498958 1.00001309
-0.2347193868 1.00012677
-0.2346632830 1.00011747
-0.2327442589 0.99976245
-0.2326703359 1.00007838
-0.2326365832 0.99978503
-0.2325984074 1.00034636
-0.2307110240 0.99988482
-0.2306008237 0.99987022
-0.2305526106 1.00007120
-0.2305220995 0.99985651
-0.2304659054 0.99949132
-0.2285468525 1.00035042
-0.2284730363 1.00002449
-0.2284393041 0.99991597
-0.2284011017 1.00009697
-0.2265135908 0.99994663
-0.2264034769 1.00015354
-0.2263553069 1.00046051
-0.2262685688 1.00042516
-0.2243494892 0.99984467
-0.2242756977 1.00020222
-0.2242419819 1.00016481
-0.2242037528 0.99985075
-0.2223161577 0.99995080
-0.2222061506 0.99987998
-0.2221579826 0.99997343
-0.2221274613 0.99991190
-0.2220712117 0.99967408
-0.2201521033 1.00041008
-0.2200446803 0.99983733
-0.2200064244 1.00053646
-0.2181187225 0.99979825
-0.2180087832 1.00014453
-0.2179606974 1.00003351
-0.2179301720 1.00051561
-0.2178738340 1.00014312
-0.2159546990 1.00012387
-0.2158810780 1.00012930
-0.2158474012 1.00045193
-0.2158091166 1.00020785
-0.2138114364 1.00017986
-0.2137633937 1.00006951
-0.2137328621 1.00022375
-0.2136764974 1.00017419
-0.2117573336 0.99971328
-0.2116837373 0.99985261
-0.2116500790 1.00028147
-0.2097238563 1.00016756
-0.2096141100 0.99990051
-0.2095660695 1.00009518
-0.2095355338 0.99967462
-0.2094791198 1.00010777
-0.2075599498 1.00042429
-0.2074864171 0.99966309
-0.2074527774 0.99988634
-0.2074144394 0.99976826
-0.2055264232 1.00002309
-0.2054167447 1.00010040
-0.2053382239 0.99997106
-0.2052817627 0.99988801
-0.2033625434 1.00000099
-0.2032890785 0.99974176
-0.2032554572 1.00011051
-0.2032170905 0.99983353
-0.2013289900 0.99984111
-0.2012193979 0.99990397
-0.2011409346 1.00015062
-0.2010844055 1.00016782
-0.1990917789 0.99948095
-0.1990581761 1.00031613
-0.1990197826 0.99984506
-0.1971315364 0.99986725
-0.1970220716 1.00047427
-0.1969741563 1.00020422
-0.1969436062 1.00003171
-0.1968870464 0.99998148
-0.1949677942 1.00028319
-0.1948608745 0.99969721
-0.1948224543 1.00014508
-0.1929341238 0.99998759
-0.1928247042 1.00017943
-0.1927768505 0.99988239
-0.1927462964 0.99967671
-0.1926896893 0.99993184
-0.1907703899 0.99996230
-0.1906251259 0.99986000
-0.1887366906 1.00025180
-0.1886273594 1.00000341
-0.1885795468 1.00004606
-0.1884923321 1.00024308
-0.1865730060 0.99991219
-0.1864998206 0.99973773
-0.1864277976 0.99963001
-0.1845392390 1.00024943
-0.1844300125 0.99969260
-0.1842949750 0.99991083
-0.1823756427 0.99997853
-0.1823025004 0.99999019
-0.1822689716 1.00007423
-0.1803418264 1.00009342
-0.1802326657 0.99971904
-0.1801849374 0.99997186
-0.1800976159 1.00019535
-0.1781782384 1.00022726
-0.1781051618 0.99999916
-0.1780716494 1.00008324
-0.1761443933 1.00028768
-0.1760353209 1.00002984
-0.1759876337 0.99945602
-0.1759002382 1.00000927
-0.1739808525 0.99999332
-0.1739078622 0.99997364
-0.1738743703 1.00016124
-0.1738358125 0.99995417
-0.1719469417 0.99975765
-0.1718379741 0.99955070
-0.1717903300 1.00006862
-0.1717028811 0.99997711
-0.1697834892 0.99990705
-0.1697105441 1.00028778
-0.1696770687 0.99990537
-0.1696384636 0.99968855
-0.1677495291 0.99999419
-0.1676406272 0.99997281
-0.1675930263 0.99987339
-0.1675624413 0.99990670
-0.1675055424 0.99995139
-0.1655860849 1.00009045
-0.1655132034 0.99999856
-0.1654797465 0.99988385
-0.1654411332 1.00021117
-0.1635520960 0.99998049
-0.1634432824 1.00048315
-0.1633957000 0.99990359
-0.1633651108 1.00000618
-0.1633081648 0.99996330
-0.1613887010 1.00005771
-0.1613159059 0.99993070
-0.1612824674 0.99989127
-0.1593546444 1.00005960
-0.1592459356 0.99987855
-0.1591984168 0.99995121
-0.1591678215 0.99985950
-0.1591108056 1.00006754
-0.1571913378 1.00000781
-0.1571185857 1.00014834
-0.1570851658 0.99974059
-0.1570464765 1.00008742
-0.1551572338 1.00008651
-0.1550485702 1.00000566
-0.1550011131 0.99995285
-0.1549705117 1.00017911
-0.1549134690 0.99990148
-0.1529939334 0.99992258
-0.1529212471 0.99989064
-0.1528878436 1.00016733
-0.1528491481 1.00038089
-0.1509598007 0.99990211
-0.1508512439 1.00009848
-0.1508038094 0.99983523
-0.1507731812 1.00007398
-0.1507160893 1.00014031
-0.1487965516 0.99979702
-0.1487239475 1.00000353
-0.1486905419 0.99992321
-0.1486518382 1.00030632
-0.1467623696 0.99996066
-0.1466538991 0.99978722
-0.1466065057 1.00023955
-0.1465758919 0.99990766
-0.1445991678 1.00019569
-0.1445266294 0.99984458
-0.1444932423 0.99980078
-0.1444544893 1.00011328
-0.1425649386 0.99993843
-0.1424565338 0.99992786
-0.1424092205 1.00009940
-0.1423785636 0.99948164
-0.1423213936 1.00009550
-0.1403292887 1.00044448
-0.1402571610 1.00000075
-0.1383675054 0.99990896
-0.1382592075 1.00017773
-0.1382118962 1.00003056
-0.1381812742 1.00007366
-0.1381240139 0.99992492
-0.1361319707 1.00002510
-0.1360986390 1.00037532
-0.1360598511 0.99999852
-0.1341700744 0.99999709
-0.1340145925 0.99998025
-0.1339839644 1.00022682
-0.1339266567 1.00033220
-0.1319346731 0.99985408
-0.1319013374 0.99998232
-0.1318625022 0.99985262
-0.1299726433 1.00018828
-0.1298644974 1.00024756
-0.1298172683 0.99991343
-0.1297866340 1.00005667
-0.1297292770 1.00009003
-0.1278096346 0.99999025
-0.1277373324 1.00024008
-0.1277040378 0.99992498
-0.1276651739 0.99996028
-0.1257752122 0.99975213
-0.1256671731 1.00003240
-0.1256199851 1.00000169
-0.1255319384 1.00008566
-0.1236122507 0.99989133
-0.1235400144 0.99993726
-0.1235067361 1.00031173
-0.1234678229 1.00000164
-0.1215777606 1.00014758
-0.1214698263 0.99986518
-0.1214226814 0.99988563
-0.1213920348 1.00009457
-0.1213345792 1.00012058
-0.1194148690 0.99992311
-0.1193094139 1.00037747
-0.1192705151 0.99985622
-0.1173803501 0.99985217
-0.1172724610 0.99990484
-0.1172253551 0.99971032
-0.1171947044 0.99987855
-0.1171371995 1.00006538
-0.1152174851 0.99993864
-0.1151453761 1.00006409
-0.1151121349 1.00031955
-0.1150731847 1.00013781
-0.1130751367 1.00020405
-0.1130280719 1.00010080
-0.1129974150 0.99994790
-0.1129398629 1.00007368
-0.1110201034 0.99990178
-0.1109480580 1.00019306
-0.1109148538 1.00010037
-0.1108758358 1.00008920
-0.1089854694 0.99995929
-0.1088777919 1.00024463
-0.1088307682 1.00016179
-0.1088001052 1.00018484
-0.1087425243 0.99990659
-0.1068227195 1.00011198
-0.1067507605 1.00001215
-0.1067175316 0.99976628
-0.1066785259 1.00020083
-0.1047880589 1.00012661
-0.1046804266 1.00018214
-0.1046334440 1.00004677
-0.1046027747 1.00003498
-0.1026253378 1.00048107
-0.1025534219 0.99990941
-0.1025202299 1.00022322
-0.1024811976 1.00002551
-0.1005906278 0.99982822
-0.1004831023 0.99994654
-0.1004361608 1.00040264
-0.1004054649 0.99983428
-0.0984279560 1.00032008
-0.0983561243 1.00004987
-0.0983229077 1.00001929
-0.0982838466 0.99992024
-0.0963931783 0.99990338
-0.0962857575 1.00023591
-0.0962388571 0.99999634
-0.0962081550 1.00004430
-0.0942305516 1.00015774
-0.0941587836 1.00022417
-0.0941256287 0.99997427
-0.0940865388 0.99994470
-0.0921957677 1.00012696
-0.0920883922 0.99974350
-0.0920415329 1.00027397
-0.0920108451 0.99954019
-0.0899614656 1.00008459
-0.0899283270 1.00004436
-0.0898891878 1.00014875
-0.0879983367 0.99983427
-0.0878442292 1.00013727
-0.0878135353 1.00007314
-0.0858358086 1.00009911
-0.0857641680 1.00005412
-0.0857310048 0.99983412
-0.0856918574 0.99976265
-0.0838008871 1.00017524
-0.0836469460 0.99999374
-0.0836162254 1.00004877
-0.0816384063 1.00012376
-0.0815668294 1.00026040
-0.0815337237 0.99977964
-0.0814945496 0.99986823
-0.0796034766 1.00003462
-0.0794963578 0.99981835
-0.0794496217 0.99980391
-0.0794189155 1.00005581
-0.0774410451 0.99988179
-0.0773695113 1.00000857
-0.0773364241 1.00006497
-0.0772971987 0.99964427
-0.0754060476 1.00018689
-0.0752990336 0.99999786
-0.0752523180 1.00039609
-0.0732436633 1.00013340
-0.0731722138 0.99971011
-0.0731391019 0.99969535
-0.0730998682 1.00011221
-0.0712085980 1.00001862
-0.0711016703 1.00004095
-0.0710550349 1.00002570
-0.0710242732 0.99976442
-0.0690462610 0.99992619
-0.0689748751 0.99993604
-0.0689418208 0.99980818
-0.0689025378 0.99979389
-0.0670111895 1.00019838
-0.0669043255 0.99989944
-0.0668577106 0.99996464
-0.0668269839 0.99979459
-0.0648488998 0.99984583
-0.0647775571 1.00028144
-0.0647445192 1.00003940
-0.0647052095 1.00026861
-0.0627070013 1.00004768
-0.0626604049 1.00011525
-0.0626296740 1.00015536
-0.0606515180 0.99988756
-0.0605802390 0.99980759
-0.0605471990 1.00018308
-0.0586163089 0.99964746
-0.0585096359 1.00000801
-0.0584631217 1.00047328
-0.0584323436 1.00015140
-0.0564541157 0.99996745
-0.0563829209 0.99966461
-0.0563499179 0.99998956
-0.0563105487 1.00002562
-0.0544188799 0.99996885
-0.0543122932 1.00034796
-0.0542350543 1.00034118
-0.0522567545 1.00006292
-0.0521856028 1.00000345
-0.0521526163 0.99998788
-0.0521132182 1.00005471
-0.0502214509 1.00016551
-0.0501149689 1.00002699
-0.0500684938 0.99984046
-0.0500377239 0.99989739
-0.0479882847 0.99998899
-0.0479552941 0.99999747
-0.0479158878 1.00014504
-0.0460240218 1.00005831
-0.0459176036 1.00022014
-0.0458711695 0.99992176
-0.0458404119 1.00007801
-0.0438619704 1.00022934
-0.0437909666 1.00042754
-0.0437579924 1.00026125
-0.0418265928 0.99988874
-0.0417202609 1.00023648
-0.0416738863 0.99988084
-0.0416431226 1.00016802
-0.0396646112 1.00010025
-0.0395936485 1.00005421
-0.0395212270 0.99996649
-0.0376291638 0.99995834
-0.0375229366 1.00000794
-0.0374765847 0.99987056
-0.0374457922 0.99997170
-0.0354672295 0.99989190
-0.0353963305 0.99995993
-0.0353633912 1.00022621
-0.0353238966 1.00007609
-0.0334317348 1.00015589
-0.0333255733 0.99974288
-0.0332792604 1.00008316
-0.0332484823 1.00000016
-0.0312698272 0.99991163
-0.0311989918 1.00037448
-0.0311660895 1.00000291
-0.0311265456 1.00016762
-0.0292343058 1.00019880
-0.0291282285 0.99971572
-0.0290819773 1.00015472
-0.0290511910 0.99999654
-0.0270724474 0.99976433
-0.0270016943 1.00000778
-0.0269687879 1.00015875
-0.0269292358 0.99986193
-0.0250368583 0.99972974
-0.0249309064 1.00002181
-0.0248846736 0.99979862
-0.0228750862 1.00022846
-0.0228043783 0.99979525
-0.0227714862 0.99986575
-0.0227319054 1.00006211
-0.0208394498 0.99982830
-0.0207335410 0.99986788
-0.0206873493 1.00000342
-0.0206565507 1.00005777
-0.0186776860 0.99993712
-0.0186070396 1.00021531
-0.0185741846 0.99992456
-0.0185345544 0.99987531
-0.0166420208 0.99987691
-0.0165361983 1.00015078
-0.0164900662 1.00023807
-0.0164592614 0.99988659
-0.0144803042 1.00005735
-0.0144097421 1.00019063
-0.0143768645 1.00009740
-0.0143372445 0.99995670
-0.0124445733 0.99986811
-0.0123388555 0.99985139
-0.0122927625 1.00045469
-0.0122619289 1.00002113
-0.0102829450 0.99999925
-0.0102124240 0.99991721
-0.0101795833 1.00001016
-0.0082471648 1.00003194
-0.0081415108 1.00001731
-0.0080954382 0.99999446
-0.0080646190 0.99991854
-0.0060855448 0.99945030
-0.0060150874 0.99955920
-0.0059822817 0.99956344
-0.0059425632 0.99975284
-0.0040497378 0.99905299
-0.0039441680 0.99914245
-0.0038981551 0.99900956
-0.0038673092 0.99891399
-0.0018881630 0.99873743
-0.0018177899 0.99887641
-0.0017849595 0.99906361
-0.0017452533 0.99869017
0.0001477117 0.99900015
0.0002531747 0.99885213
0.0002991486 0.99886605
0.0003300028 0.99891769
0.0023091962 0.99900831
0.0023795282 0.99903644
0.0024123216 0.99905876
0.0024520997 0.99880279
0.0043451182 0.99887247
0.0044505175 0.99942111
0.0044964524 0.99918921
0.0045273126 0.99889470
0.0065065964 0.99976949
0.0065768668 0.99956612
0.0066096438 0.99966386
0.0066494301 0.99913725
0.0085425451 0.99996202
0.0086478602 1.00003224
0.0086937561 0.99982264
0.0087246246 1.00002019
0.0107039762 1.00020023
0.0107741623 0.99983027
0.0127399742 1.00010808
0.0128452050 0.99980348
0.0128910598 1.00009298
0.0129219344 1.00014219
0.0149013374 1.00019155
0.0149714804 0.99982943
0.0150042245 0.99999838
0.0150440909 1.00000275
0.0169374011 1.00008829
0.0170883614 1.00010358
0.0171192464 1.00007482
0.0191688170 0.99973568
0.0192015467 0.99990128
0.0192414234 0.99999440
0.0211348281 1.00059253
0.0212398905 1.00001101
0.0212856651 1.00011171
0.0213165562 0.99999108
0.0232961174 0.99948632
0.0233661145 1.00013419
0.0233988278 1.00027653
0.0234387333 1.00029440
0.0253322550 1.00061413
0.0254372332 1.00017923
0.0254829894 1.00010143
0.0274934971 1.00001647
0.0275634532 0.99995244
0.0275961295 1.00052807
0.0276360842 1.00007696
0.0295296820 1.00012247
0.0296345965 1.00014739
0.0296802931 0.99977841
0.0297111780 1.00031335
0.0316908768 1.00005408
0.0317607692 1.00017373
0.0317934517 1.00011080
0.0318334167 1.00010992
0.0337271090 1.00042420
0.0338319187 1.00005312
0.0338775762 0.99985655
0.0339085084 1.00012976
0.0358882565 1.00009117
0.0359580873 0.99996612
0.0359907533 1.00026822
0.0360307676 1.00038412
0.0380292614 0.99993695
0.0380749005 1.00001028
0.0381057998 0.99974756
0.0400856362 0.99996094
0.0401554033 1.00008162
0.0401880344 0.99979729
0.0421219629 1.00012573
0.0422266247 1.00006809
0.0422722021 1.00005359
0.0423031302 0.99976754
0.0442830139 0.99992084
0.0443527214 0.99987753
0.0443853545 1.00030321
0.0444254100 1.00006506
0.0463193899 0.99991208
0.0464239469 0.99974921
0.0464694853 0.99962971
0.0465004421 0.99992933
0.0484803936 1.00006053
0.0485500169 1.00004716
0.0485826357 0.99968661
0.0486227609 0.99992610
0.0505168374 1.00021630
0.0506212896 1.00013276
0.0506668095 0.99995549
0.0506977335 0.99993465
0.0527473555 1.00018834
0.0527799373 1.00016034
0.0528200729 1.00014106
0.0547142417 0.99983741
0.0548186508 0.99972771
0.0548641132 0.99989578
0.0548950639 0.99983989
0.0568751530 1.00010824
0.0569446715 1.00006382
0.0569772595 0.99998823
0.0570174033 1.00039326
0.0589116687 1.00018370
0.0590159730 1.00010283
0.0590613964 0.99985068
0.0590923758 1.00049832
0.0610725307 1.00005504
0.0611419691 1.00007504
0.0612147563 1.00001041
0.0631091142 0.99983805
0.0632133158 0.99998297
0.0632587186 1.00009980
0.0632896652 0.99985581
0.0652698899 1.00005827
0.0653393056 0.99996118
0.0653718628 1.00007300
0.0654120887 0.99993851
0.0673065206 0.99977784
0.0674106791 1.00011768
0.0674560223 1.00019957
0.0694672901 1.00004682
0.0695366217 0.99998429
0.0695691645 0.99987758
0.0696093986 0.99991226
0.0715039475 0.99978610
0.0716079992 0.99998717
0.0716533055 1.00003802
0.0716843096 1.00018740
0.0736646678 0.99961493
0.0737339192 1.00002726
0.0737664661 0.99987330
0.0757013930 1.00000087
0.0758053625 1.00034564
0.0758506297 1.00013837
0.0778620269 1.00012526
0.0779312558 1.00000464
0.0779637678 1.00006324
0.0798987974 1.00028366
0.0800026847 0.99991774
0.0800479314 0.99973660
0.0800789313 1.00010822
0.0820594252 0.99999687
0.0821610694 0.99984237
0.0840962243 1.00015212
0.0842000254 0.99990466
0.0842452351 0.99990626
0.0842762433 0.99996772
0.0862568049 0.99970702
0.0863258694 1.00000322
0.0863583690 1.00004427
0.0883973886 1.00005135
0.0884425388 1.00007774
0.0884735737 1.00018407
0.0904541620 0.99998148
0.0905232059 0.99987920
0.0905556707 1.00004475
0.0924910741 0.99960944
0.0925947314 0.99978046
0.0926398425 0.99979445
0.0926708651 1.00034912
0.0946515602 0.99967718
0.0947205220 0.99973234
0.0947529723 0.99983346
0.0947934098 1.00008666
0.0966885011 1.00024261
0.0967920515 0.99992915
0.0968371441 0.99998631
0.0968681770 0.99992361
0.0988489399 1.00001527
0.0989178175 1.00031953
0.0989502740 1.00000282
0.0989907423 1.00026149
0.1008859466 0.99998645
0.1009894148 1.00013541
0.1010344478 1.00009809
0.1010655074 0.99996315
0.1030462970 0.99998520
0.1031151561 0.99960159
0.1031475961 0.99993163
0.1031880542 0.99994890
0.1050833509 0.99992488
0.1051867555 1.00026815
0.1052627988 1.00022627
0.1072436952 1.00024223
0.1073124721 1.00028087
0.1073448773 0.99984755
0.1073854072 1.00009266
0.1092807758 1.00039879
0.1093840756 1.00000672
0.1094290737 1.00015280
0.1094601107 0.99992426
0.1114410729 1.00006681
0.1115097882 0.99986298
0.1134782213 1.00013143
0.1135814389 1.00042435
0.1136263774 0.99996021
0.1156384711 0.99983265
0.1157071042 0.99993969
0.1157395011 0.99976217
0.1157800927 0.99997790
0.1176756462 1.00025628
0.1178236606 1.00006255
0.1178547345 0.99949530
0.1198358282 0.99976429
0.1199044202 0.99981583
0.1199367822 1.00002146
0.1199774046 1.00037084
0.1218730506 0.99958284
0.1219761018 1.00007424
0.1220209828 0.99994528
0.1220520650 1.00013111
0.1240332059 1.00024138
0.1241017362 1.00018094
0.1241341044 1.00006328
0.1241747371 0.99987791
0.1261734630 0.99999052
0.1262182865 0.99979503
0.1282306041 0.99994014
0.1282990543 1.00012144
0.1283314061 0.99995709
0.1283720901 0.99986006
0.1302679189 0.99941407
0.1303708037 0.99994434
0.1304155697 0.99990755
0.1304466888 1.00012658
0.1324279612 0.99996204
0.1324963704 1.00012895
0.1325286872 0.99984488
0.1325694020 1.00009991
0.1344653438 0.99995758
0.1345681238 0.99984957
0.1346128919 0.99999992
0.1346440007 0.99999238
0.1366937069 0.99969562
0.1367260094 1.00030913
0.1367667345 1.00011825
0.1387654871 0.99979891
0.1388101956 0.99982147
0.1388413126 0.99974971
0.1408227371 0.99980780
0.1408910230 1.00004904
0.1409233110 1.00014674
0.1428601916 0.99974713
0.1429628278 0.99992823
0.1430074787 1.00015230
0.1430386040 0.99993606
0.1450201147 0.99995150
0.1450883185 1.00021455
0.1451205921 1.00007068
0.1451613994 1.00006144
0.1470576370 1.00003960
0.1472048009 1.00005128
0.1472359365 1.00020796
0.1492174718 1.00021023
0.1492856550 1.00012197
0.1493179143 1.00002558
0.1493587319 0.99971806
0.1512550393 1.00001716
0.1513575092 0.99992272
0.1514021046 0.99994401
0.1514332484 1.00003516
0.1534829711 1.00010639
0.1535152160 1.00015018
0.1535560849 0.99992014
0.1554524642 1.00000492
0.1555548498 0.99984643
0.1555993878 1.00014990
0.1556305398 0.99977122
0.1576802665 0.99999197
0.1577125382 1.00006222
0.1577533968 1.00004383
0.1596498871 0.99989579
0.1597521905 1.00009643
0.1597967100 1.00027073
0.1598278723 0.99984229
0.1618096028 1.00009751
0.1618776031 0.99972653
0.1619507498 0.99998610
0.1638473099 0.99986555
0.1639495312 0.99978946
0.1639939931 0.99984591
0.1640251842 1.00003959
0.1660069989 0.99951554
0.1660749192 0.99999118
0.1661071209 0.99996267
0.1661480843 0.99992219
0.1680447349 0.99998885
0.1681912948 1.00024762
0.1682225166 1.00006725
0.1702043766 1.00004282
0.1702722126 1.00013411
0.1703044226 1.00010329
0.1703454168 1.00016494
0.1722421577 0.99997301
0.1723886190 1.00016539
0.1724198080 1.00025687
0.1744017316 0.99998530
0.1744695492 0.99991691
0.1745017242 0.99986781
0.1745427493 0.99997833
0.1764395806 1.00007277
0.1765415532 0.99996828
0.1765859022 1.00001983
0.1785991298 0.99996754
0.1786668652 0.99993344
0.1786990259 1.00011076
0.1787400817 1.00046349
0.1806369829 1.00000908
0.1807388939 0.99997520
0.1807832244 1.00029494
0.1808144524 0.99976959
0.1827965054 1.00009612
0.1828963275 1.00041945
0.1848344263 0.99964254
0.1849362346 1.00021624
0.1849805281 0.99980062
0.1850117438 1.00004437
0.1869938626 0.99997113
0.1870614973 0.99960547
0.1870936292 0.99996971
0.1871347487 1.00028506
0.1890318491 0.99987175
0.1891335938 1.00011542
0.1891778092 1.00032118
0.1892090557 0.99961148
0.1911912587 0.99972850
0.1912588133 1.00002087
0.1912909308 0.99990165
0.1932292720 1.00011363
0.1933309139 1.00014390
0.1933751335 1.00005905
0.1934063882 1.00012344
0.1953886343 1.00005759
0.1954561067 0.99987891
0.1954882325 0.99972237
0.1955294363 1.00003552
0.1974266948 1.00005363
0.1975282546 1.00005014
0.1976036796 0.99997070
0.1995859914 1.00000664
0.1996534433 1.00015822
0.1996855341 1.00005083
0.1997267482 0.99990868
0.2016241177 1.00016965
0.2017256158 0.99998630
0.2017697388 0.99975115
0.2018009915 0.99993561
0.2038507388 0.99998014
0.2038828563 0.99973871
0.2039240827 0.99978217
0.2058215406 1.00011757
0.2059229339 1.00019368
0.2059670405 0.99963609
0.2059983239 0.99995874
0.2079807426 1.00014341
0.2080480548 0.99992533
0.2080801580 1.00016308
0.2081214357 1.00008390
0.2101202746 1.00026899
0.2101643442 0.99957401
0.2101956174 0.99990709
0.2121781183 1.00023188
0.2122453893 0.99992859
0.2123187702 0.99963788
0.2142163863 1.00000530
0.2143176358 1.00009807
0.2143616458 1.00024507
0.2163755144 1.00037619
0.2164427054 0.99961018
0.2164747613 0.99961209
0.2165160821 0.99985202
0.2184138071 1.00020871
0.2185149539 0.99951981
0.2185589495 0.99999473
0.2205728900 1.00016588
0.2206400009 1.00003063
0.2207134372 0.99979339
0.2226112505 0.99992319
0.2227122946 0.99979919
0.2227562512 0.99994325
0.2247702451 0.99998563
0.2248373354 1.00008871
0.2249107512 0.99968246
0.2268086507 1.00002432
0.2269096353 0.99979782
0.2269535549 1.00001655
0.2289676412 0.99978109
0.2290346514 0.99991323
0.2290666662 0.99963588
0.2291080837 1.00005831
0.2310060736 1.00017437
0.2311069739 0.99992892
0.2311508771 1.00018682
0.2311821996 1.00004964
0.2331650168 0.99976710
0.2332319674 0.99992166
0.2332639699 0.99986052
0.2333054387 1.00021301
0.2352035149 0.99997564
0.2353043351 1.00011055
0.2353481602 0.99962499
0.2353794910 1.00017877
0.2373623719 0.99999364
0.2374292814 1.00011518
0.2374612510 1.00047849
0.2375027527 0.99977505
0.2395016532 1.00003863
0.2395454619 0.99987102
0.2395768234 1.00007982
0.2415597680 0.99972444
0.2416265974 1.00003885
0.2416585732 1.00002637
0.2435983380 1.00004838
0.2436989918 0.99992991
0.2437427861 0.99973901
0.2437741354 0.99976488
0.2457571436 0.99965546
0.2458239340 1.00020665
0.2458558749 1.00002538
0.2458974402 0.99983921
0.2477957794 0.99999085
0.2478963531 0.99999864
0.2479400672 0.99986887
0.2479714493 1.00021490
0.2499544987 1.00013366
0.2500212274 1.00049592
0.2500531560 1.00023657
0.2500947542 1.00009151
0.2519931817 0.99996720
0.2520936712 0.99972796
0.2521373915 1.00019894
0.2521687613 0.99998385
0.2542185435 0.99997160
0.2542504782 1.00013694
0.2542921093 1.00012157
0.2561906025 1.00009952
0.2562910118 1.00027149
0.2563660732 1.00032144
0.2583492684 0.99988238
0.2584158780 1.00002598
0.2584477798 1.00002468
0.2584894417 0.99996155
0.2603880438 0.99979440
0.2604883710 1.00004568
0.2605319763 1.00005730
0.2605634077 0.99989209
0.2625466235 1.00009535
0.2626131735 0.99980354
0.2626867557 1.00010014
0.2645854441 0.99985532
0.2646857096 0.99995322
0.2647292985 1.00025033
0.2647607196 1.00010635
0.2667440176 1.00003663
0.2668104875 1.00007870
0.2668423831 0.99990272
0.2668841108 0.99998644
0.2687828649 0.99991546
0.2689266002 0.99998065
0.2689580130 0.99989644
0.2709413932 0.99978182
0.2710078220 1.00016789
0.2710396868 1.00015924
0.2710814453 0.99998078
0.2729803062 1.00000776
0.2730803890 0.99964450
0.2731238833 1.00024331
0.2731553455 0.99976589
0.2751387462 1.00001310
0.2752051175 0.99974344
0.2752370090 1.00000290
0.2752788004 0.99998673
0.2771777065 0.99994262
0.2772777276 0.99994433
0.2773212055 1.00001804
0.2793361423 1.00003496
0.2794024314 1.00028546
0.2794342901 1.00021044
0.2794761143 1.00002967
0.2813751273 1.00005267
0.2814750457 1.00016485
0.2815185092 1.00006807
0.2815499509 0.99985058
0.2835335159 1.00001732
0.2836315918 1.00006456
0.2836734488 1.00016325
0.2855725687 0.99972798
0.2856724048 1.00028340
0.2857158109 0.99994169
0.2857472833 1.00027288
0.2877308915 0.99984465
0.2877970615 0.99976093
0.2878289140 1.00010146
0.2878708039 1.00002324
0.2897699895 0.99987949
0.2898697435 0.99971283
0.2899131125 1.00032441
0.2899445973 0.99974836
0.2919282650 0.99993035
0.2919943754 1.00000343
0.2920261951 0.99986792
0.2939673877 1.00036826
0.2940670616 1.00034773
0.2941103957 0.99993006
0.2941418887 0.99987874
0.2961256386 1.00000463
0.2961917120 1.00011175
0.2962234967 0.99988363
0.2962654524 0.99987046
0.2981648290 0.99973134
0.2982644207 1.00006256
0.2983077179 0.99982314
0.2983392232 1.00011533
0.3003230121 1.00004210
0.3003890054 1.00010507
0.3004208210 0.99978755
0.3004628075 0.99994404
0.3023622498 1.00026388
0.3024617594 0.99977873
0.3025050216 0.99991252
0.3025365146 1.00020987
0.3045863194 1.00015829
0.3046181226 1.00003013
0.3046601420 0.99995332
0.3065596480 1.00016672
0.3066590774 1.00049857
0.3067023232 1.00019281
0.3067338491 1.00028306
0.3087177613 1.00007372
0.3087836560 1.00000267
0.3088154243 1.00030849
0.3088574560 1.00024175
0.3107570894 1.00017981
0.3108564366 1.00029030
0.3108996043 1.00018832
0.3109311610 1.00001032
0.3129151349 0.99984300
0.3129809700 0.99999777
0.3130548110 1.00005890
0.3149545081 1.00007619
0.3150537752 1.00017519
0.3150969286 0.99972677
0.3151284545 1.00004054
0.3171125290 0.99997690
0.3171782634 0.99999437
0.3172100276 1.00013649
0.3172521476 0.99998010
0.3191519084 1.00010555
0.3192942302 0.99993222
0.3193257890 1.00002313
0.3213098820 0.99994836
0.3213755979 0.99965864
0.3214073313 0.99989156
0.3214494821 1.00008799
0.3233493476 1.00007028
0.3234484525 0.99981574
0.3234915319 1.00009605
0.3235231009 1.00001987
0.3255072555 1.00015289
0.3255729140 1.00004728
0.3256046329 0.99992988
0.3256468166 1.00001250
0.3275467664 1.00009576
0.3276457891 1.00004531
0.3277203943 1.00010396
0.3297046496 1.00027892
0.3297702074 0.99984617
0.3298019140 0.99981196
0.3298441512 1.00014968
0.3317441667 1.00051579
0.3318431277 1.00000945
0.3318861372 0.99940210
0.3319177268 0.99993685
0.3339020026 0.99993830
0.3339992362 0.99979730
0.3340415083 1.00009408
0.3359416059 1.00036649
0.3360404663 0.99992896
0.3360834594 0.99988907
0.3361150408 1.00006449
0.3380993762 1.00044355
0.3381648559 0.99981946
0.3381965379 1.00009759
0.3382388223 0.99978234
0.3402378050 0.99992676
0.3402807426 1.00000461
0.3403123548 0.99966588
0.3422967703 1.00004461
0.3423621904 0.99961836
0.3423938211 1.00000873
0.3443364229 0.99962165
0.3444351415 0.99988285
0.3444780442 1.00042676
0.3445096687 0.99991430
0.3464941233 1.00013397
0.3465594838 1.00003914
0.3465911432 0.99981528
0.3466335139 0.99998042
0.3485338622 1.00025423
0.3486324802 0.99991511
0.3486753664 1.00039894
0.3487069807 0.99994842
0.3506915153 0.99989520
0.3507567978 1.00009618
0.3507884449 0.99986335
0.3508308279 0.99985473
0.3527312604 1.00000339
0.3528298188 1.00013920
0.3528726475 0.99939607
0.3529043152 0.99994852
0.3548888683 0.99980367
0.3549541138 0.99983889
0.3549857671 1.00003149
0.3550281850 0.99995659
0.3569286791 0.99981051
0.3570271554 1.00008333
0.3571016086 1.00027920
0.3590862419 1.00011063
0.3591514278 0.99994727
0.3591830503 0.99999592
0.3592254990 0.99992142
0.3611261184 0.99944851
0.3612245145 1.00004770
0.3612672734 0.99946311
0.3612989205 0.99990260
0.3632836339 0.99996088
0.3633487213 1.00005303
0.3634228355 1.00005196
0.3653235372 0.99949025
0.3654218306 0.99985728
0.3654645546 1.00021678
0.3654962551 0.99987269
0.3674809869 0.99991348
0.3675460558 1.00006014
0.3675776741 0.99996349
0.3676201906 0.99977359
0.3695209354 0.99969794
0.3696191692 0.99989394
0.3696618583 1.00030708
0.3696935690 1.00009126
0.3716783584 1.00009654
0.3717433697 1.00009080
0.3717749552 0.99985669
0.3718175272 0.99994870
0.3737183726 0.99977105
0.3738165058 1.00003579
0.3738591805 1.00018360
0.3738908625 1.00007041
0.3758757525 0.99971199
0.3759406632 0.99994985
0.3759722589 1.00007323
0.3760148412 0.99976320
0.3779157914 0.99967142
0.3780138444 0.99985685
0.3780564616 0.99979203
0.3800731035 1.00001110
0.3801379977 1.00010315
0.3801695811 1.00014321
0.3802121983 1.00013912
0.3821131896 0.99995157
0.3822112015 0.99974077
0.3822537632 1.00013202
0.3822855110 0.99984410
0.3842704770 0.99990536
0.3843353117 1.00002208
0.3843668622 0.99988943
0.3844095122 1.00004588
0.3863106268 0.99964508
0.3864085196 0.99978939
0.3864510875 0.99995912
0.3864828023 0.99981670
0.3884678691 1.00005196
0.3885326257 0.99973195
0.3885641659 1.00019566
0.3886068488 0.99990839
0.3905080455 0.99978508
0.3906058562 1.00013086
0.3906483686 0.99993994
0.3906801369 1.00015535
0.3926652426 0.99995131
0.3927299376 1.00018151
0.3927614881 1.00020371
0.3947054828 1.00001158
0.3948032133 1.00013062
0.3948456908 1.00009756
0.3948774508 0.99996734
0.3968625936 0.99995187
0.3969272516 0.99999357
0.3969587692 1.00004463
0.3970015220 0.99996207
0.3989028810 0.99979079
0.3990005314 0.99990740
0.3990429924 1.00039650
0.3990747648 0.99967411
0.4010599856 1.00006305
0.4011245655 0.99999479
0.4011560914 1.00005451
0.4011988770 1.00026688
0.4031002977 1.00015128
0.4031978680 1.00036416
0.4032402961 1.00009749
0.4032720788 0.99996203
0.4052573571 0.99995182
0.4053218795 0.99989960
0.4053533951 1.00040330
0.4053962136 1.00003350
0.4072977349 1.00007655
0.4073952251 1.00015810
0.4074375978 0.99996937
0.4074693928 1.00000266
0.4094547101 1.00011508
0.4095191935 1.00017135
0.4095506968 0.99992868
0.4095935296 1.00001066
0.4114951331 0.99999027
0.4115925411 1.00016729
0.4116348994 1.00011235
0.4116667273 1.00009038
0.4136521022 0.99994584
0.4137165075 0.99963997
0.4137908868 1.00005539
0.4156925498 1.00012667
0.4157898797 1.00035525
0.4158322011 0.99998511
0.4178494737 1.00022379
0.4179138420 0.99978336
0.4179453021 0.99980096
0.4179882233 0.99997913
0.4198899870 1.00045724
0.4200295233 0.99989771
0.4200613347 0.99981640
0.4220468246 1.00009458
0.4221111334 1.00026479
0.4221426038 0.99999363
0.4221855579 0.99997211
0.4240873832 1.00030522
0.4241845529 0.99990051
0.4242268064 0.99973897
0.4242586487 0.99983398
0.4262442167 0.99991411
0.4263084473 1.00011624
0.4263399054 0.99976705
0.4263828944 0.99984908
0.4282847999 1.00027886
0.4283818894 0.99983317
0.4284241081 0.99994774
0.4304415882 0.99998256
0.4305057819 0.99985363
0.4305372091 0.99988791
0.4305802310 0.99960721
0.4324822371 1.00049899
0.4325792466 0.99983508
0.4326214303 1.00015405
0.4326532561 1.00007746
0.4346389391 0.99992358
0.4347345108 0.99991450
0.4347775881 1.00001917
0.4366796333 1.00026534
0.4367765831 1.00011755
0.4368187114 0.99959424
0.4368505906 0.99976859
0.4388363311 1.00007147
0.4389318350 1.00003636
0.4389749041 1.00002648
0.4409738992 1.00001799
0.4410159925 0.99998435
0.4410479046 0.99989423
0.4430337006 0.99981135
0.4430977217 1.00031632
0.4431291161 0.99986370
0.4450744872 1.00022780
0.4451712563 0.99990748
0.4452133167 0.99995458
0.4452452391 1.00019050
0.4472310515 0.99975089
0.4472950152 1.00042587
0.4473264383 1.00005494
0.4473695978 0.99995031
0.4492718834 1.00025024
0.4493685929 0.99989742
0.4494106184 0.99985106
0.4494425346 1.00001915
0.4514284436 1.00029743
0.4514923476 1.00014863
0.4515237420 1.00007696
0.4515669344 1.00022008
0.4534693000 0.99980401
0.4535659089 1.00025713
0.4536078995 1.00011043
0.4536398486 0.99997493
0.4556896616 0.99996426
0.4557210231 1.00002736
0.4557642525 0.99986720
0.4576667352 1.00001125
0.4577632660 0.99979750
0.4578052217 1.00009874
0.4578371831 1.00009284
0.4598231845 1.00006738
0.4598869550 1.00002009
0.4599183453 1.00019327
0.4599616096 1.00010011
0.4618641519 0.99984377
0.4619606026 0.99982283
0.4620025233 1.00005969
0.4620344765 1.00000773
0.4640205560 1.00023002
0.4640842875 1.00002735
0.4641589462 0.99999271
0.4660615481 1.00039641
0.4661998455 1.00012417
0.4662317905 0.99999472
0.4682179275 1.00014339
0.4682816015 0.99999816
0.4683129302 0.99992052
0.4683562622 1.00005523
0.4702589833 0.99999118
0.4703971266 1.00020801
0.4704291271 0.99977387
0.4724152970 1.00001020
0.4724788949 1.00010689
0.4725536193 0.99970477
0.4744563999 0.99964418
0.4745526103 1.00004089
0.4745944303 0.99988045
0.4746264205 0.99988090
0.4766126685 1.00003073
0.4766762274 0.99988393
0.4767075355 1.00025154
0.4767509580 1.00003229
0.4786537940 0.99987843
0.4787499263 1.00004784
0.4787917525 1.00006191
0.4808100379 0.99998874
0.4808735414 0.99968848
0.4809048392 0.99982937
0.4809483151 1.00024933
0.4828512313 0.99992609
0.4829472834 0.99988095
0.4829890336 0.99974010
0.4830210690 1.00025676
0.4850074094 0.99981208
0.4851021614 0.99951222
0.4851456311 1.00001645
0.4871446179 1.00002034
0.4871863353 0.99991353
0.4872183850 1.00023533
0.4892047994 0.99984442
0.4892681673 0.99994813
0.4892994425 0.99981726
0.4893429677 1.00017690
0.4913419340 1.00004902
0.4914156990 1.00009487
0.4934021483 1.00002008
0.4934654792 0.99997069
0.4934967668 0.99979301
0.4955392890 0.99993612
0.4955809386 0.99988966
0.4956130130 1.00028145
0.4975995198 0.99965200
0.4976627932 1.00018034
0.4976940684 1.00008208
0.4977376429 1.00020760
0.4997366256 1.00011308
0.4997782402 0.99996355
0.4998103290 1.00006865
0.5007688076 1.00027956
0.5008198372 0.99978571
0.5008501387 1.00003437
0.5028202623 0.99993411
0.5028983802 0.99976255
0.5029333800 0.99979019
0.5029699677 0.99981463
0.5049661380 1.00016219
0.5050171225 0.99978589
0.5050474260 1.00014160
0.5051006414 0.99974811
0.5070176523 1.00002246
0.5070957024 1.00014760
0.5071672735 1.00004345
0.5091634910 1.00013488
0.5092144282 0.99981117
0.5092447338 1.00028908
0.5092980150 0.99975213
0.5112150649 1.00001897
0.5112930246 0.99983971
0.5113280018 1.00018901
0.5113646183 0.99996742
0.5134117545 0.99991887
0.5134420622 1.00037433
0.5134953680 1.00006101
0.5154124343 0.99962117
0.5154903489 1.00021529
0.5155253034 1.00015008
0.5155619425 1.00025176
0.5175581930 1.00059439
0.5176090397 0.99989766
0.5176393474 1.00022552
0.5176927415 0.99986476
0.5196098264 0.99987832
0.5196876916 1.00002794
0.5197226030 1.00010042
0.5197592483 1.00026156
0.5217555439 0.99984373
0.5218063455 1.00008841
0.5218900740 1.00041438
0.5238072369 0.99975742
0.5238849933 0.99995758
0.5239199047 0.99993789
0.5239565931 1.00013761
0.5259529154 0.99964601
0.5260036718 1.00007330
0.5260339836 0.99991488
0.5260874270 1.00002890
0.5280046064 0.99959859
0.5281172248 1.00004456
0.5281539194 0.99999751
0.5301502458 1.00007585
0.5302009776 1.00013818
0.5302312708 1.00017930
0.5302848006 1.00016910
0.5322019984 1.00012455
0.5322796582 1.00029625
0.5323145059 1.00008602
0.5323512231 0.99996511
0.5343475968 0.99997763
0.5343982628 1.00019703
0.5344285992 0.99987870
0.5344821330 0.99985022
0.5363994089 1.00042471
0.5364769598 1.00013883
0.5365118076 1.00024138
0.5385449683 0.99997689
0.5385955891 0.99977083
0.5386259050 0.99997403
0.5386794860 0.99999564
0.5405967784 1.00010345
0.5406742841 1.00002192
0.5407091277 1.00019515
0.5407458942 0.99988510
0.5427422987 1.00005839
0.5427928948 0.99977671
0.5428232128 0.99989650
0.5428768596 1.00000792
0.5447941684 1.00039539
0.5448716268 0.99971225
0.5449432184 1.00035836
0.5469396496 0.99996357
0.5469902006 0.99993585
0.5470205206 0.99981105
0.5470742126 1.00035460
0.5489915789 0.99998502
0.5490689285 0.99997010
0.5491405447 1.00053362
0.5510222418 1.00044068
0.5511370191 1.00004003
0.5511875064 0.99982934
0.5512178284 0.99994950
0.5512715656 0.99997437
0.5531889689 1.00010897
0.5532662712 0.99999528
0.5533378710 0.99998769
0.5552196606 0.99999637
0.5553343495 0.99993490
0.5553848121 1.00013597
0.5554151362 0.99963475
0.5554689186 1.00001035
0.5573863383 1.00004515
0.5574635934 1.00014347
0.5575351953 0.99992184
0.5594170998 0.99993128
0.5595317210 0.99989815
0.5595821179 0.99986630
0.5596124440 0.99992704
0.5596662716 0.99992164
0.5615837489 1.00008354
0.5616608951 1.00031728
0.5617325216 1.00003026
0.5636145412 1.00000480
0.5637794236 1.00009957
0.5638097518 1.00010253
0.5638636267 0.99993381
0.5657811388 1.00002337
0.5658582378 0.99996032
0.5658929335 1.00029688
0.5659298458 0.99971639
0.5678119805 0.99961458
0.5679264208 0.99998911
0.5679767088 0.99999657
0.5680070597 0.99992327
0.5680609797 0.99978825
0.5699785083 0.99997000
0.5700555600 1.00024789
0.5700902331 1.00005297
0.5701271721 0.99983471
0.5720094403 0.99938795
0.5721237718 1.00021727
0.5721740331 0.99973349
0.5722583327 0.99996626
0.5741759188 0.99988144
0.5742528596 0.99998510
0.5742875553 0.99964451
0.5762068570 0.99971484
0.5763211228 0.99988681
0.5763713389 1.00030093
0.5764016753 1.00003308
0.5764556878 0.99979772
0.5783733088 0.99996465
0.5784502023 0.99988856
0.5784848343 1.00034508
0.5785218227 1.00015892
0.5804042963 0.99964561
0.5805184717 1.00048284
0.5805686241 0.99993573
0.5805989831 1.00012726
0.5806530408 1.00004605
0.5825706782 0.99992320
0.5826475245 0.99994797
0.5826821360 1.00003597
0.5827191695 1.00036260
0.5847158226 0.99998532
0.5847659504 0.99966413
0.5848503938 1.00021064
0.5867680867 0.99980062
0.5868448467 0.99987228
0.5868794582 0.99978498
0.5889131715 0.99996281
0.5889632561 0.99974385
0.5889935987 0.99973354
0.5890477694 1.00032892
0.5909654562 1.00005391
0.5910421689 0.99974252
0.5911138221 1.00008717
0.5931105225 1.00009217
0.5931909271 1.00007306
0.5932451019 0.99998212
0.5951628441 1.00006489
0.5952394911 0.99961449
0.5953111464 0.99984955
0.5973078714 0.99995738
0.5973578656 1.00021198
0.5973882144 0.99977507
0.5974424775 0.99995096
0.5993602546 0.99984534
0.5994368112 0.99986088
0.5994713385 0.99994496
0.5995084521 0.99982027
0.6015052223 0.99992233
0.6015551714 1.00029728
0.6015855222 1.00021658
0.6035576241 0.99989355
0.6036341334 0.99993000
0.6036686401 0.99977890
0.6037057990 1.00013515
0.6057025712 0.99980840
0.6057524771 0.99998537
0.6057828505 0.99999142
0.6058371650 0.99991240
0.6077550120 0.99984450
0.6078314556 0.99979190
0.6079031253 0.99995241
0.6097863878 1.00054457
0.6098999222 0.99992332
0.6099497829 1.00021680
0.6099801378 1.00004406
0.6100345406 1.00000145
0.6119524205 1.00000331
0.6120287573 1.00025554
0.6120632414 1.00006805
0.6121004310 1.00003355
0.6139838250 1.00004151
0.6140972711 1.00018442
0.6141470886 0.99985646
0.6141774456 1.00005280
0.6142318731 1.00003559
0.6161497899 1.00011561
0.6162260980 0.99999641
0.6162605430 1.00001246
0.6162977779 1.00022368
0.6181812417 1.00010651
0.6182945994 1.00022545
0.6183443923 1.00032357
0.6183747740 1.00016337
0.6184292281 1.00023867
0.6203471778 1.00016518
0.6204234202 1.00029785
0.6204578426 0.99995682
0.6204951042 1.00013569
0.6224919689 0.99989871
0.6225416981 1.00000302
0.6226266037 1.00006787
0.6245445863 0.99991826
0.6246207218 0.99997983
0.6246551443 1.00009942
0.6246924510 0.99998475
0.6265761388 0.99967337
0.6266893198 1.00009652
0.6267390039 1.00031057
0.6267693896 0.99988030
0.6268239362 1.00010948
0.6287419763 0.99948707
0.6288524459 0.99988147
0.6288897568 1.00000162
0.6308866482 1.00017907
0.6309363281 0.99990211
0.6309666974 1.00018336
0.6310213118 1.00014050
0.6329393642 0.99996586
0.6330153847 1.00014054
0.6330497661 1.00000424
0.6330870831 0.99987473
0.6350840176 1.00009969
0.6351336339 1.00038691
0.6351639847 1.00000661
0.6352186669 0.99976858
0.6371367522 1.00010220
0.6372126843 1.00005713
0.6372470472 0.99991706
0.6391684505 0.99973373
0.6392813665 1.00018798
0.6393309191 0.99988501
0.6393613151 0.99968768
0.6394160014 1.00000164
0.6413341401 1.00031966
0.6414100270 1.00000393
0.6414443468 0.99997106
0.6414817357 0.99944891
0.6433658672 0.99972952
0.6434787154 0.99997281
0.6435282454 1.00022072
0.6435586229 1.00007561
0.6436133770 0.99982972
0.6455315486 1.00014832
0.6456073472 1.00024547
0.6456416690 1.00012137
0.6456790620 0.99961547
0.6475633249 1.00020880
0.6476760643 0.99986065
0.6477255491 1.00030618
0.6477559102 1.00007264
0.6478107321 1.00005373
0.6498046488 0.99971664
0.6498389706 1.00018024
0.6498764088 0.99996707
0.6517607622 1.00043283
0.6518734132 0.99986724
0.6519228343 0.99988189
0.6519532385 0.99968761
0.6539263039 1.00005050
0.6540019895 1.00000106
0.6540362497 1.00003851
0.6540737146 0.99977884
0.6559581789 1.00010098
0.6560707621 0.99982953
0.6561201606 1.00009816
0.6561505463 1.00010478
0.6562054422 0.99980590
0.6581237124 1.00011263
0.6581993117 0.99994751
0.6582710409 0.99981177
0.6602681110 1.00011382
0.6603174643 1.00020244
0.6603478562 0.99994600
0.6604027973 0.99990338
0.6623210798 0.99988975
0.6623966318 1.00030958
0.6624308715 1.00004542
0.6624683877 0.99992107
0.6643530739 1.00038935
0.6645147495 0.99999479
0.6645451640 0.99976386
0.6646001523 0.99997663
0.6665184677 0.99995476
0.6665939540 0.99968929
0.6666281526 1.00022135
0.6666656956 1.00044481
0.6685505296 1.00039831
0.6686628088 0.99974693
0.6687120758 0.99988743
0.6687424718 0.99998471
0.6687975074 0.99988485
0.6707158741 0.99998800
0.6708254748 1.00003976
0.6708630424 1.00012464
0.6727479463 1.00029429
0.6728601783 0.99989903
0.6729093795 0.99989571
0.6729948624 1.00010411
0.6749132415 1.00019643
0.6750227744 1.00005179
0.6750603687 1.00009929
0.6769453835 1.00021307
0.6770575066 0.99990034
0.6771066648 0.99979656
0.6771370895 0.99977045
0.6771922380 1.00008175
0.6791106294 1.00028442
0.6792200555 1.00004615
0.6792576745 1.00021556
0.6811428393 0.99998871
0.6812548535 0.99987170
0.6813039890 1.00017172
0.6813343973 1.00018989
0.6813895726 0.99999154
0.6833080359 0.99993750
0.6833832366 1.00017597
0.6834173777 0.99983600
0.6834550234 1.00011650
0.6853402560 0.99992930
0.6854522229 0.99992894
0.6855012948 0.99991501
0.6855317257 1.00005956
0.6855869276 0.99982356
0.6875054033 1.00003355
0.6875805773 1.00001850
0.6876146773 0.99989473
0.6876523291 0.99985472
0.6895376911 0.99971674
0.6896495513 1.00026790
0.6896985800 1.00002842
0.6897290356 1.00002308
0.6897843053 1.00001286
0.6917027912 0.99993649
0.6917778995 0.99987219
0.6918119995 0.99968425
0.6918496554 1.00032270
0.6937351469 0.99951560
0.6938468981 1.00005022
0.6938959042 0.99970818
0.6939263228 0.99981505
0.6939816604 1.00015222
0.6959001976 0.99991189
0.6959751991 0.99961749
0.6960092806 0.99986361
0.6960470043 1.00003123
0.6979325841 0.99972399
0.6980442676 0.99994070
0.6980931894 0.99929782
0.6981236512 0.99993716
0.6981789949 1.00000568
0.7000975650 0.99991159
0.7001725398 1.00010590
0.7002065802 0.99974063
0.7002443306 0.99975816
0.7021299987 1.00011715
0.7022415959 0.99971761
0.7022905137 0.99952203
0.7023209611 0.99990148
0.7042949509 1.00022049
0.7043698599 0.99973887
0.7044039023 0.99997030
0.7044416569 0.99994406
0.7063274545 0.99951486
0.7064389428 1.00009312
0.7064878194 1.00019086
0.7065182483 0.99979532
0.7065737276 1.00012013
0.7084923573 0.99989893
0.7085671595 0.99973014
0.7086389853 0.99969385
0.7105248896 0.99950782
0.7106363122 1.00049580
0.7106851232 0.99965459
0.7107155767 1.00011039
0.7107710827 0.99996395
0.7126897247 1.00020161
0.7127645023 0.99970444
0.7127984831 1.00007879
0.7128363116 1.00010915
0.7147223063 0.99953541
0.7148824289 0.99998396
0.7149128865 0.99993813
0.7149684398 0.99990119
0.7168871106 1.00008761
0.7169618224 0.99972613
0.7169958052 1.00018861
0.7170336400 1.00002668
0.7189197621 0.99993148
0.7190309874 1.00010652
0.7190797326 1.00002746
0.7191102149 1.00025833
0.7191657948 0.99995877
0.7210845170 0.99998409
0.7211591220 1.00008502
0.7211930843 1.00015692
0.7212309663 0.99984505
0.7231171767 1.00031139
0.7232283548 0.99979971
0.7232770384 1.00005792
0.7233631725 1.00000217
0.7252819029 1.00038105
0.7253903860 0.99988841
0.7254282946 0.99997665
0.7273146098 1.00031911
0.7274256832 1.00015145
0.7274743421 0.99979835
0.7275605091 1.00026045
0.7294792702 0.99996300
0.7295877081 1.00025402
0.7296256415 0.99980157
0.7316230300 1.00002971
0.7316716478 0.99994704
0.7317021199 1.00022895
0.7317578641 0.99979321
0.7336766767 0.99976638
0.7337510824 1.00003211
0.7337849872 1.00011859
0.7358203974 0.99994172
0.7358689515 0.99956226
0.7358994297 0.99996549
0.7359552213 0.99989837
0.7378740420 0.99985036
0.7379484231 1.00025332
0.7379822888 0.99998015
0.7399069154 1.00042107
0.7400177463 1.00043585
0.7400662778 0.99970774
0.7400967170 1.00020675
0.7401525763 1.00019785
0.7420714279 1.00006780
0.7421457227 1.00014046
0.7421795905 1.00042295
0.7422176245 0.99982140
0.7441043711 1.00043085
0.7442150931 0.99992262
0.7442940474 0.99990142
0.7443499540 0.99974854
0.7462688343 0.99989169
0.7463430428 1.00024641
0.7463769106 0.99993778
0.7464149323 0.99998886
0.7483017837 1.00017148
0.7484124400 0.99981818
0.7484608668 0.99994899
0.7484913552 1.00006807
0.7485473111 1.00009889
