-0.2485143962  1.00017830 0.99998844
-0.2484232971  0.99997081 0.99998844
-0.2483506598  0.99953699 0.99998844
-0.2463011447  0.99983302 0.99998844
-0.2462704035  0.99992477 0.99998844
-0.2462246022  0.99949486 0.99998844
-0.2442259851  1.00000785 0.99998844
-0.2441863036  1.00015626 0.99998844
-0.2441533212  1.00015183 0.99998844
-0.2421038348  0.99981850 0.99998844
-0.2420730998  0.99965993 0.99998844
-0.2420272409  1.00014369 0.99998844
-0.2400286527  0.99994498 0.99998844
-0.2399890225  1.00028716 0.99998844
-0.2399560257  0.99999324 0.99998844
-0.2379065229  1.00033072 0.99998844
-0.2378757776  0.99985138 0.99998844
-0.2359221708  0.99971979 0.99998844
-0.2358313017  0.99966901 0.99998844
-0.2357917003  1.00000812 0.99998844
-0.2357587076  1.00034027 0.99998844
-0.2337092130  1.00042541 0.99998844
-0.2336325596  0.99999342 0.99998844
-0.2317247418  0.99994929 0.99998844
-0.2316339898  0.99960287 0.99998844
-0.2315943986  1.00033852 0.99998844
-0.2315613710  1.00007682 0.99998844
-0.2295715814  1.00006698 0.99998844
-0.2295119011  0.99990288 0.99998844
-0.2294811908  0.99999391 0.99998844
-0.2294352168  1.00016032 0.99998844
-0.2275273333  1.00001082 0.99998844
-0.2273971175  0.99990463 0.99998844
-0.2273640735  0.99989606 0.99998844
-0.2253741956  0.99987302 0.99998844
-0.2253145912  1.00001009 0.99998844
-0.2252838665  0.99976341 0.99998844
-0.2252378967  0.99990836 0.99998844
-0.2233299248  1.00012649 0.99998844
-0.2232393043  0.99987658 0.99998844
-0.2231997974  0.99990954 0.99998844
-0.2231667575  0.99996836 0.99998844
-0.2211768508  1.00023461 0.99998844
-0.2211172813  0.99989705 0.99998844
-0.2210865628  1.00029173 0.99998844
-0.2210405355  0.99999674 0.99998844
-0.2191325163  1.00019696 0.99998844
-0.2190419739  1.00007698 0.99998844
-0.2190024957  1.00001153 0.99998844
-0.2169794669  1.00009701 0.99998844
-0.2169199694  1.00047328 0.99998844
-0.2168892386  1.00006710 0.99998844
-0.2168432133  1.00005091 0.99998844
-0.2149351079  1.00025541 0.99998844
-0.2148446414  0.99999593 0.99998844
-0.2148051941  1.00025027 0.99998844
-0.2147721234  1.00002093 0.99998844
-0.2127821016  1.00036074 0.99998844
-0.2127226595  1.00009879 0.99998844
-0.2126919554  1.00002142 0.99998844
-0.2126458520  1.00015832 0.99998844
-0.2107376994  1.00026431 0.99998844
-0.2106473090  0.99991322 0.99998844
-0.2106078924  0.99987289 0.99998844
-0.2105747847  0.99980171 0.99998844
-0.2085847589  1.00006727 0.99998844
-0.2085253497  0.99997743 0.99998844
-0.2084946517  0.99997212 0.99998844
-0.2084485114  1.00004541 0.99998844
-0.2065402930  0.99999372 0.99998844
-0.2064499786  1.00022767 0.99998844
-0.2064105908  0.99982918 0.99998844
-0.2063774666  1.00049179 0.99998844
-0.2043873730  1.00032288 0.99998844
-0.2043280378  1.00004376 0.99998844
-0.2042973274  1.00006350 0.99998844
-0.2042511686  0.99998230 0.99998844
-0.2023428845  1.00004098 0.99998844
-0.2022526461  1.00029411 0.99998844
-0.2022132706  0.99993196 0.99998844
-0.2021801712  0.99994167 0.99998844
-0.2001307279  0.99976967 0.99998844
-0.2001000443  0.99983110 0.99998844
-0.2000538279  1.00029310 0.99998844
-0.1981454986  0.99985415 0.99998844
-0.1980553157  1.00011928 0.99998844
-0.1980159895  1.00015208 0.99998844
-0.1979828325  0.99996469 0.99998844
-0.1959926444  0.99963895 0.99998844
-0.1959334180  1.00035340 0.99998844
-0.1959027406  0.99999948 0.99998844
-0.1958564852  1.00023209 0.99998844
-0.1939480696  1.00011505 0.99998844
-0.1938579832  1.00005087 0.99998844
-0.1938186879  1.00017652 0.99998844
-0.1937855144  0.99999680 0.99998844
-0.1917361082  0.99992816 0.99998844
-0.1917054163  0.99993271 0.99998844
-0.1916591445  1.00015461 0.99998844
-0.1897506632  1.00004758 0.99998844
-0.1896606528  0.99996816 0.99998844
-0.1896213657  0.99980388 0.99998844
-0.1895882169  1.00001913 0.99998844
-0.1875979178  0.99995630 0.99998844
-0.1875387962  1.00027409 0.99998844
-0.1875081332  0.99985324 0.99998844
-0.1874618018  0.99994760 0.99998844
-0.1855532752  0.99979814 0.99998844
-0.1854633203  1.00014076 0.99998844
-0.1854240640  1.00003710 0.99998844
-0.1853908803  0.99998052 0.99998844
-0.1834005730  1.00023976 0.99998844
-0.1833414864  0.99989577 0.99998844
-0.1832644590  1.00000427 0.99998844
-0.1813558483  0.99999662 0.99998844
-0.1812659899  0.99993653 0.99998844
-0.1812267850  0.99996085 0.99998844
-0.1811935622  1.00014054 0.99998844
-0.1792031892  0.99977689 0.99998844
-0.1791441765  0.99993965 0.99998844
-0.1791135052  1.00018082 0.99998844
-0.1790671184  0.99985261 0.99998844
-0.1771584398  0.99996553 0.99998844
-0.1770294628  1.00021449 0.99998844
-0.1769962442  1.00033328 0.99998844
-0.1750058259  0.99983952 0.99998844
-0.1749468872  0.99978227 0.99998844
-0.1749162220  1.00001642 0.99998844
-0.1748697756  1.00055855 0.99998844
-0.1729610539  0.99978702 0.99998844
-0.1728713271  1.00015798 0.99998844
-0.1728321611  1.00004577 0.99998844
-0.1727989261  0.99975549 0.99998844
-0.1708084626  0.99988147 0.99998844
-0.1707495547  0.99999822 0.99998844
-0.1707188978  1.00011684 0.99998844
-0.1706724329  0.99983720 0.99998844
-0.1687636270  1.00031593 0.99998844
-0.1686739966  1.00005055 0.99998844
-0.1686348800  1.00030285 0.99998844
-0.1666110973  1.00032522 0.99998844
-0.1665522448  1.00042038 0.99998844
-0.1665215941  0.99978284 0.99998844
-0.1664750922  0.99975143 0.99998844
-0.1645662205  1.00004433 0.99998844
-0.1644766642  1.00007756 0.99998844
-0.1644375599  0.99983724 0.99998844
-0.1644042714  1.00002616 0.99998844
-0.1624137340  0.99981145 0.99998844
-0.1623549350  1.00002045 0.99998844
-0.1623243089  1.00000323 0.99998844
-0.1622777289  0.99995362 0.99998844
-0.1603688326  1.00014085 0.99998844
-0.1602793338  1.00003185 0.99998844
-0.1602402582  0.99988893 0.99998844
-0.1602069739  0.99991528 0.99998844
-0.1582163913  0.99984942 0.99998844
-0.1581576251  1.00009563 0.99998844
-0.1581269846  0.99994701 0.99998844
-0.1580804067  0.99962291 0.99998844
-0.1561714056  0.99978800 0.99998844
-0.1560820239  1.00000772 0.99998844
-0.1560429771  0.99999441 0.99998844
-0.1560096558  1.00010316 0.99998844
-0.1540190075  1.00018429 0.99998844
-0.1539603152  1.00004167 0.99998844
-0.1539296809  1.00007533 0.99998844
-0.1519739992  0.99994997 0.99998844
-0.1518846729  0.99993326 0.99998844
-0.1518456549  0.99983064 0.99998844
-0.1518123377  1.00017461 0.99998844
-0.1498216442  1.00018608 0.99998844
-0.1497629848  0.99983354 0.99998844
-0.1497323978  0.99936844 0.99998844
-0.1496857007  0.99999291 0.99998844
-0.1477766133  0.99990558 0.99998844
-0.1476873405  0.99994213 0.99998844
-0.1476150196  0.99991818 0.99998844
-0.1456243014  0.99999866 0.99998844
-0.1455656955  1.00045282 0.99998844
-0.1454883806  1.00041515 0.99998844
-0.1435791864  0.99999728 0.99998844
-0.1434900306  0.99994900 0.99998844
-0.1434510742  1.00015852 0.99998844
-0.1434177015  0.99998530 0.99998844
-0.1413683856  0.99985988 0.99998844
-0.1413377698  0.99978230 0.99998844
-0.1412910173  1.00005490 0.99998844
-0.1393817820  0.99985833 0.99998844
-0.1392926797  1.00025198 0.99998844
-0.1392537520  1.00020158 0.99998844
-0.1392203834  1.00003551 0.99998844
-0.1372295564  1.00017713 0.99998844
-0.1371710552  1.00003281 0.99998844
-0.1371404661  1.00011084 0.99998844
-0.1370936746  1.00012771 0.99998844
-0.1351843756  0.99976239 0.99998844
-0.1350953492  0.99983035 0.99998844
-0.1350564504  1.00020103 0.99998844
-0.1350230654  1.00016217 0.99998844
-0.1330322137  1.00039081 0.99998844
-0.1329737638  0.99985310 0.99998844
-0.1328963524  0.99964984 0.99998844
-0.1309869692  1.00005199 0.99998844
-0.1308980188  0.99989327 0.99998844
-0.1308591303  1.00010803 0.99998844
-0.1308257267  0.99996861 0.99998844
-0.1288348298  1.00000118 0.99998844
-0.1287764540  0.99992715 0.99998844
-0.1287458587  1.00021848 0.99998844
-0.1286989891  1.00005166 0.99998844
-0.1267895627  1.00006455 0.99998844
-0.1267006884  0.99978915 0.99998844
-0.1266618492  0.99995790 0.99998844
-0.1266284086  1.00019184 0.99998844
-0.1246374666  1.00007686 0.99998844
-0.1245791236  1.00006197 0.99998844
-0.1245485529  1.00016673 0.99998844
-0.1245016463  1.00015934 0.99998844
-0.1225921563  1.00038169 0.99998844
-0.1225033580  0.99992899 0.99998844
-0.1224645475  0.99981648 0.99998844
-0.1224311111  0.99986084 0.99998844
-0.1204401053  1.00027317 0.99998844
-0.1203818137  0.99990836 0.99998844
-0.1203512492  1.00013085 0.99998844
-0.1203042831  0.99998944 0.99998844
-0.1183947314  0.99997952 0.99998844
-0.1183060276  1.00024500 0.99998844
-0.1182672458  0.99984288 0.99998844
-0.1162427421  1.00014128 0.99998844
-0.1161845244  0.99998596 0.99998844
-0.1161539455  0.99964766 0.99998844
-0.1161069609  0.99991138 0.99998844
-0.1141973455  1.00003508 0.99998844
-0.1141086972  0.99999472 0.99998844
-0.1140699463  1.00015221 0.99998844
-0.1140364544  0.99981202 0.99998844
-0.1120453788  0.99985616 0.99998844
-0.1119566418  1.00001531 0.99998844
-0.1119096181  1.00037629 0.99998844
-0.1099999412  1.00034433 0.99998844
-0.1099113668  1.00023373 0.99998844
-0.1098726446  0.99998940 0.99998844
-0.1098391568  0.99986623 0.99998844
-0.1077898861  1.00013932 0.99998844
-0.1077593381  0.99974555 0.99998844
-0.1077122528  0.99979924 0.99998844
-0.1058025142  0.99991116 0.99998844
-0.1057140364  1.00000922 0.99998844
-0.1056753430  1.00013637 0.99998844
-0.1056418182  1.00013946 0.99998844
-0.1035925968  0.99997377 0.99998844
-0.1035620344  0.99979384 0.99998844
-0.1016051304  1.00011864 0.99998844
-0.1015166854  1.00017334 0.99998844
-0.1014780434  1.00026106 0.99998844
-0.1014444981  0.99997118 0.99998844
-0.0994532930  0.99945177 0.99998844
-0.0993952664  1.00000402 0.99998844
-0.0993647081  1.00007163 0.99998844
-0.0993175879  1.00047200 0.99998844
-0.0974077240  1.00016770 0.99998844
-0.0973193755  1.00025903 0.99998844
-0.0972807417  0.99978858 0.99998844
-0.0972472005  0.99990006 0.99998844
-0.0952559298  1.00009255 0.99998844
-0.0951979565  1.00011271 0.99998844
-0.0951674249  0.99999466 0.99998844
-0.0951202246  0.99959761 0.99998844
-0.0932102991  0.99995039 0.99998844
-0.0931220451  1.00004467 0.99998844
-0.0930834401  0.99989590 0.99998844
-0.0930498619  1.00011729 0.99998844
-0.0910585480  0.99988423 0.99998844
-0.0910006672  0.99998177 0.99998844
-0.0909701212  1.00035224 0.99998844
-0.0909229003  1.00014568 0.99998844
-0.0890129152  0.99999246 0.99998844
-0.0889246942  1.00011307 0.99998844
-0.0888861384  0.99981647 0.99998844
-0.0888525438  1.00006041 0.99998844
-0.0868612053  0.99983816 0.99998844
-0.0868033368  1.00021307 0.99998844
-0.0867727970  1.00035281 0.99998844
-0.0867255576  1.00025324 0.99998844
-0.0848155088  0.99990263 0.99998844
-0.0847273843  1.00009080 0.99998844
-0.0846888388  1.00025278 0.99998844
-0.0846552052  0.99997830 0.99998844
-0.0826638440  0.99986752 0.99998844
-0.0826060269  0.99992448 0.99998844
-0.0825281943  0.99992079 0.99998844
-0.0806180839  0.99973713 0.99998844
-0.0805300354  0.99984934 0.99998844
-0.0804915166  1.00002195 0.99998844
-0.0804579056  0.99993947 0.99998844
-0.0784664623  1.00026669 0.99998844
-0.0784087376  0.99993995 0.99998844
-0.0783781875  1.00001680 0.99998844
-0.0783308701  0.99967579 0.99998844
-0.0764207001  0.99997915 0.99998844
-0.0762942355  0.99989859 0.99998844
-0.0762605875  1.00033584 0.99998844
-0.0742691195  0.99992037 0.99998844
-0.0742114072  0.99998338 0.99998844
-0.0741808838  1.00000295 0.99998844
-0.0741335068  1.00000809 0.99998844
-0.0722232752  1.00042560 0.99998844
-0.0721353951  0.99987745 0.99998844
-0.0720969154  0.99990361 0.99998844
-0.0720632489  0.99997297 0.99998844
-0.0700717583  0.99995291 0.99998844
-0.0700140994  1.00017353 0.99998844
-0.0699836007  0.99986742 0.99998844
-0.0699361846  1.00015340 0.99998844
-0.0680258708  1.00010601 0.99998844
-0.0679380442  1.00004867 0.99998844
-0.0678996137  1.00020765 0.99998844
-0.0658743765  0.99994627 0.99998844
-0.0658167895  1.00020140 0.99998844
-0.0657862744  0.99979031 0.99998844
-0.0657388398  0.99967530 0.99998844
-0.0638284870  1.00018099 0.99998844
-0.0637407158  0.99993652 0.99998844
-0.0637023326  0.99999786 0.99998844
-0.0636686312  0.99991960 0.99998844
-0.0616770358  0.99997834 0.99998844
-0.0616194796  0.99994137 0.99998844
-0.0615889707  1.00007523 0.99998844
-0.0615414765  1.00004531 0.99998844
-0.0595434059  0.99998054 0.99998844
-0.0595050125  1.00004007 0.99998844
-0.0594712926  0.99980560 0.99998844
-0.0574796726  1.00011069 0.99998844
-0.0574221698  0.99996478 0.99998844
-0.0573916875  0.99999296 0.99998844
-0.0573441317  0.99997794 0.99998844
-0.0553460550  0.99974180 0.99998844
-0.0553077108  0.99964875 0.99998844
-0.0552739930  1.00009520 0.99998844
-0.0532822908  1.00009875 0.99998844
-0.0532248599  1.00020855 0.99998844
-0.0531943612  0.99997332 0.99998844
-0.0512362739  1.00006746 0.99998844
-0.0511487266  0.99995492 0.99998844
-0.0511104297  1.00011142 0.99998844
-0.0510766749  1.00053860 0.99998844
-0.0490849501  1.00017055 0.99998844
-0.0490275521  1.00005712 0.99998844
-0.0489970575  0.99966882 0.99998844
-0.0489494442  1.00009975 0.99998844
-0.0470388490  1.00018664 0.99998844
-0.0469513962  0.99975141 0.99998844
-0.0468793363  1.00001617 0.99998844
-0.0448875889  1.00004842 0.99998844
-0.0448302422  0.99989910 0.99998844
-0.0447997538  1.00044063 0.99998844
-0.0447520994  0.99987116 0.99998844
-0.0428414466  0.99996371 0.99998844
-0.0427540679  1.00002684 0.99998844
-0.0427158079  0.99951565 0.99998844
-0.0426820161  1.00000080 0.99998844
-0.0406329324  1.00035940 0.99998844
-0.0406024501  0.99991342 0.99998844
-0.0405547567  1.00019432 0.99998844
-0.0386440628  0.99975392 0.99998844
-0.0385567375  0.99991858 0.99998844
-0.0384846980  0.99984619 0.99998844
-0.0364356245  1.00005483 0.99998844
-0.0364051443  1.00024119 0.99998844
-0.0363574119  1.00015641 0.99998844
-0.0344466379  0.99995810 0.99998844
-0.0343594091  1.00021464 0.99998844
-0.0322955052  1.00002988 0.99998844
-0.0322383147  0.99970144 0.99998844
-0.0321600691  0.99999992 0.99998844
-0.0302492356  0.99981946 0.99998844
-0.0301620787  1.00058919 0.99998844
-0.0301239050  1.00025899 0.99998844
-0.0300900598  0.99978549 0.99998844
-0.0280981255  1.00014003 0.99998844
-0.0280410048  0.99994655 0.99998844
-0.0280105348  1.00009936 0.99998844
-0.0279627038  0.99996912 0.99998844
-0.0260518518  0.99989632 0.99998844
-0.0259266239  0.99993659 0.99998844
-0.0258927397  1.00000871 0.99998844
-0.0239007643  1.00002028 0.99998844
-0.0238436949  1.00006694 0.99998844
-0.0238132311  0.99968618 0.99998844
-0.0237653796  0.99985975 0.99998844
-0.0218544289  1.00003323 0.99998844
-0.0217674199  1.00003165 0.99998844
-0.0217293017  1.00009062 0.99998844
-0.0216954216  1.00016831 0.99998844
-0.0197034236  1.00001890 0.99998844
-0.0196463871  1.00028961 0.99998844
-0.0196159069  1.00001970 0.99998844
-0.0195680348  0.99998433 0.99998844
-0.0176570246  1.00003263 0.99998844
-0.0175700916  1.00007527 0.99998844
-0.0175320021  1.00004644 0.99998844
-0.0154490567  0.99979423 0.99998844
-0.0154186011  1.00019190 0.99998844
-0.0153706694  1.00030531 0.99998844
-0.0134596428  1.00025887 0.99998844
-0.0133727632  1.00023729 0.99998844
-0.0133346799  1.00059052 0.99998844
-0.0133007834  1.00020863 0.99998844
-0.0112213180  1.00004921 0.99998844
-0.0111733472  0.99983060 0.99998844
-0.0092622179  0.99994360 0.99998844
-0.0091754328  0.99996632 0.99998844
-0.0091373988  0.99990933 0.99998844
-0.0091034632  0.99991561 0.99998844
-0.0071113214  0.99963337 0.99981981
-0.0070544596  1.00011606 0.99980907
-0.0070239937  0.99998389 0.99980317
-0.0069760025  1.00031731 0.99979386
-0.0050648156  0.99950323 0.99939273
-0.0049781044  0.99955273 0.99937298
-0.0049400992  0.99916256 0.99936398
-0.0049061431  0.99933149 0.99935590
-0.0029139602  0.99874890 0.99900074
-0.0028571292  0.99927613 0.99899666
-0.0028266880  0.99897719 0.99899453
-0.0008674338  0.99880937 0.99891727
-0.0007807761  0.99913645 0.99891593
-0.0007427770  0.99869438 0.99891538
0.0012833784  0.99876770 0.99892582
0.0013401581  0.99937084 0.99892726
0.0013705952  0.99887027 0.99892807
0.0014186871  0.99953300 0.99892938
0.0033299911  0.99914752 0.99903573
0.0034165338  0.99910202 0.99904443
0.0034884951  0.99936630 0.99905217
0.0054807602  0.99915026 0.99948525
0.0055374680  0.99973844 0.99949826
0.0055679215  0.99920452 0.99950523
0.0056160525  0.99993689 0.99951606
0.0075273934  1.00001117 0.99989070
0.0076138827  1.00026291 0.99990499
0.0076858358  1.00002935 0.99991682
0.0096781214  0.99972195 0.99998844
0.0097347963  1.00015557 0.99998844
0.0097652252  1.00014246 0.99998844
0.0098133973  1.00030683 0.99998844
0.0117247752  1.00004355 0.99998844
0.0118112110  1.00001845 0.99998844
0.0118491259  1.00042034 0.99998844
0.0118831334  1.00033033 0.99998844
0.0138754601  1.00015020 0.99998844
0.0139320857  1.00020957 0.99998844
0.0139625310  0.99982408 0.99998844
0.0140107215  1.00024455 0.99998844
0.0159221981  1.00007089 0.99998844
0.0160464255  1.00017255 0.99998844
0.0160804535  0.99991980 0.99998844
0.0180728398  1.00051305 0.99998844
0.0181293935  1.00010788 0.99998844
0.0182080868  1.00029130 0.99998844
0.0201196004  0.99994372 0.99998844
0.0202437066  1.00004946 0.99998844
0.0222702010  0.99989768 0.99998844
0.0223267239  1.00035345 0.99998844
0.0224054316  1.00000510 0.99998844
0.0243169821  1.00000526 0.99998844
0.0244410082  0.99985022 0.99998844
0.0244750938  1.00027427 0.99998844
0.0264675396  1.00040095 0.99998844
0.0265240111  1.00029790 0.99998844
0.0266027559  1.00009697 0.99998844
0.0285144050  1.00039505 0.99998844
0.0286383078  0.99965356 0.99998844
0.0286724119  0.99980264 0.99998844
0.0306649214  0.99998182 0.99998844
0.0307213416  0.99943533 0.99998844
0.0307517499  1.00006224 0.99998844
0.0308001233  1.00000851 0.99998844
0.0327118073  1.00019089 0.99998844
0.0327978549  0.99953335 0.99998844
0.0328356095  0.99968525 0.99998844
0.0348622806  1.00015751 0.99998844
0.0349186494  0.99986071 0.99998844
0.0349490331  0.99999780 0.99998844
0.0349974681  0.99998080 0.99998844
0.0369092096  0.99983761 0.99998844
0.0369951832  0.99999389 0.99998844
0.0370329317  0.99970588 0.99998844
0.0370670522  0.99992063 0.99998844
0.0390596192  0.99966967 0.99998844
0.0391463594  1.00000255 0.99998844
0.0391948334  0.99998777 0.99998844
0.0411066099  0.99995469 0.99998844
0.0411925321  1.00016939 0.99998844
0.0412302107  0.99974375 0.99998844
0.0412643928  0.99994520 0.99998844
0.0432569989  1.00009683 0.99998844
0.0433132671  0.99986276 0.99998844
0.0433436631  1.00015206 0.99998844
0.0433921576  1.00032745 0.99998844
0.0453040122  0.99987988 0.99998844
0.0453898400  1.00009941 0.99998844
0.0454275124  1.00005246 0.99998844
0.0454617130  1.00002121 0.99998844
0.0474543601  0.99988587 0.99998844
0.0475105769  0.99994455 0.99998844
0.0475409483  1.00027784 0.99998844
0.0495014145  1.00002381 0.99998844
0.0495871683  1.00016219 0.99998844
0.0496248346  1.00003231 0.99998844
0.0496590126  1.00000058 0.99998844
0.0516517193  0.99991183 0.99998844
0.0517382725  0.99994334 0.99998844
0.0536988353  1.00044707 0.99998844
0.0537845172  0.99997593 0.99998844
0.0538221136  1.00024257 0.99998844
0.0538563533  1.00028385 0.99998844
0.0558490785  0.99986108 0.99998844
0.0559051925  1.00028320 0.99998844
0.0559355783  0.99993428 0.99998844
0.0578962171  1.00053044 0.99998844
0.0579818230  1.00028134 0.99998844
0.0580194358  1.00002970 0.99998844
0.0580536713  0.99989743 0.99998844
0.0600464377  1.00015633 0.99998844
0.0601025024  0.99986928 0.99998844
0.0601329025  0.99983058 0.99998844
0.0620936194  1.00024005 0.99998844
0.0621791513  1.00026412 0.99998844
0.0622167354  1.00047510 0.99998844
0.0622509709  1.00022024 0.99998844
0.0642437968  0.99967978 0.99998844
0.0643301877  0.99997579 0.99998844
0.0662910402  1.00020550 0.99998844
0.0663765002  1.00000411 0.99998844
0.0664140165  0.99986474 0.99998844
0.0664483116  0.99986100 0.99998844
0.0684411560  1.00005826 0.99998844
0.0685274935  0.99995480 0.99998844
0.0704884220  1.00017334 0.99998844
0.0705738286  1.00051399 0.99998844
0.0706113387  0.99997130 0.99998844
0.0706456318  0.99974326 0.99998844
0.0726385152  1.00002319 0.99998844
0.0726944279  0.99983520 0.99998844
0.0727248178  1.00000414 0.99998844
0.0746858222  1.00003483 0.99998844
0.0748086383  1.00023665 0.99998844
0.0748429519  0.99980024 0.99998844
0.0768358743  0.99992255 0.99998844
0.0768917357  1.00012512 0.99998844
0.0769221030  1.00013275 0.99998844
0.0788832430  0.99976383 0.99998844
0.0789684853  0.99989927 0.99998844
0.0790059194  0.99982242 0.99998844
0.0790402720  0.99984146 0.99998844
0.0810332541  0.99993866 0.99998844
0.0810890661  1.00041696 0.99998844
0.0811194067  1.00020650 0.99998844
0.0830806248  0.99981456 0.99998844
0.0831658116  1.00007229 0.99998844
0.0832032416  1.00021468 0.99998844
0.0852305927  1.00002839 0.99998844
0.0852863534  1.00020796 0.99998844
0.0853167330  0.99981508 0.99998844
0.0872780250  0.99984266 0.99998844
0.0873631194  1.00002586 0.99998844
0.0874005412  1.00014905 0.99998844
0.0874349349  1.00007564 0.99998844
0.0894279498  1.00010250 0.99998844
0.0895140182  1.00022695 0.99998844
0.0914754458  0.99989814 0.99998844
0.0915604683  0.99965900 0.99998844
0.0915978429  1.00037734 0.99998844
0.0916322551  1.00009870 0.99998844
0.0936253295  1.00003385 0.99998844
0.0936809896  0.99979244 0.99998844
0.0937113219  0.99965936 0.99998844
0.0956728256  1.00020361 0.99998844
0.0957577967  0.99996519 0.99998844
0.0957951424  0.99979752 0.99998844
0.0958295547  1.00003846 0.99998844
0.0978226682  1.00023220 0.99998844
0.0978782789  0.99997697 0.99998844
0.0979086482  0.99989310 0.99998844
0.0998702258  1.00016867 0.99998844
0.0999551024  0.99975184 0.99998844
0.0999924441  0.99998639 0.99998844
0.1000268953  0.99994573 0.99998844
0.1020200273  1.00006498 0.99998844
0.1020755867  0.99992952 0.99998844
0.1021059540  0.99997715 0.99998844
0.1040676261  1.00000539 0.99998844
0.1041524513  0.99999641 0.99998844
0.1042242155  0.99988163 0.99998844
0.1062174050  0.99941746 0.99998844
0.1062728945  0.99998451 0.99998844
0.1063032577  1.00050005 0.99998844
0.1082650263  0.99987387 0.99998844
0.1083870453  1.00024565 0.99998844
0.1084215151  1.00011405 0.99998844
0.1104702023  0.99999160 0.99998844
0.1105005634  1.00022856 0.99998844
0.1124624266  0.99976976 0.99998844
0.1125470854  1.00006314 0.99998844
0.1125843470  1.00011819 0.99998844
0.1126188578  1.00006763 0.99998844
0.1146121007  1.00006231 0.99998844
0.1146675122  1.00043322 0.99998844
0.1146978692  0.99980192 0.99998844
0.1166598268  1.00029480 0.99998844
0.1167444343  1.00000995 0.99998844
0.1167816671  0.99990162 0.99998844
0.1168161779  1.00013472 0.99998844
0.1188094804  0.99982428 0.99998844
0.1188648200  0.99977039 0.99998844
0.1208572271  0.99983941 0.99998844
0.1209417606  0.99979737 0.99998844
0.1209789482  0.99996451 0.99998844
0.1210134981  0.99992761 0.99998844
0.1230621278  0.99974443 0.99998844
0.1230924787  1.00005843 0.99998844
0.1250546274  1.00006048 0.99998844
0.1251762499  0.99989571 0.99998844
0.1252108182  1.00020673 0.99998844
0.1272041762  1.00000135 0.99998844
0.1272594562  1.00021970 0.99998844
0.1272897844  0.99998888 0.99998844
0.1292520482  1.00010875 0.99998844
0.1293364153  0.99989827 0.99998844
0.1293735700  1.00005097 0.99998844
0.1294081199  0.99989293 0.99998844
0.1314015333  0.99975729 0.99998844
0.1314567435  1.00003163 0.99998844
0.1314871087  1.00006631 0.99998844
0.1334494279  0.99971501 0.99998844
0.1335337416  1.00017818 0.99998844
0.1335708717  1.00006322 0.99998844
0.1355988925  0.99992284 0.99998844
0.1356540513  1.00010491 0.99998844
0.1356843939  0.99994366 0.99998844
0.1376468261  0.99999573 0.99998844
0.1377310700  1.00009656 0.99998844
0.1377681507  1.00000140 0.99998844
0.1378027807  1.00008530 0.99998844
0.1397962496  1.00002821 0.99998844
0.1398513796  1.00001969 0.99998844
0.1398816996  1.00026110 0.99998844
0.1418442469  0.99966483 0.99998844
0.1419283963  0.99998033 0.99998844
0.1419654729  0.99977398 0.99998844
0.1420000824  1.00013413 0.99998844
0.1439936088  1.00044639 0.99998844
0.1440486690  1.00005156 0.99998844
0.1440790259  1.00015163 0.99998844
0.1460416245  1.00002961 0.99998844
0.1461257246  0.99998058 0.99998844
0.1461627746  0.99980507 0.99998844
0.1461974230  1.00003979 0.99998844
0.1481909659  1.00017981 0.99998844
0.1482459768  1.00000650 0.99998844
0.1482763112  1.00011068 0.99998844
0.1502390248  0.99986631 0.99998844
0.1503230304  1.00002459 0.99998844
0.1503600536  1.00001282 0.99998844
0.1503947432  0.99972941 0.99998844
0.1523883230  1.00031653 0.99998844
0.1524433051  0.99987527 0.99998844
0.1524736149  0.99996689 0.99998844
0.1544364456  0.99977597 0.99998844
0.1545203772  0.99989744 0.99998844
0.1545920448  0.99999999 0.99998844
0.1565857007  0.99979027 0.99998844
0.1566406129  0.99975938 0.99998844
0.1566709206  0.99990420 0.99998844
0.1586338233  1.00041164 0.99998844
0.1587177056  0.99981517 0.99998844
0.1587546754  1.00006247 0.99998844
0.1587893855  0.99999958 0.99998844
0.1608379002  0.99999865 0.99998844
0.1608682264  0.99983998 0.99998844
0.1628312215  1.00003553 0.99998844
0.1629150319  1.00026478 0.99998844
0.1629519565  0.99981384 0.99998844
0.1629867077  0.99987274 0.99998844
0.1649803964  0.99970156 0.99998844
0.1650352286  0.99985122 0.99998844
0.1650655527  1.00011122 0.99998844
0.1670286423  1.00008827 0.99998844
0.1671123582  1.00007811 0.99998844
0.1671492787  0.99990963 0.99998844
0.1671840484  0.99961048 0.99998844
0.1691777741  0.99978633 0.99998844
0.1692325364  0.99991156 0.99998844
0.1712260199  1.00014802 0.99998844
0.1713465578  0.99994805 0.99998844
0.1713813500  0.99985442 0.99998844
0.1733751106  1.00005475 0.99998844
0.1734298237  1.00037141 0.99998844
0.1734601416  1.00007285 0.99998844
0.1754234387  0.99976148 0.99998844
0.1755070334  0.99937366 0.99998844
0.1755438800  1.00019657 0.99998844
0.1755786702  0.99985517 0.99998844
0.1775724678  1.00001577 0.99998844
0.1776271520  1.00003125 0.99998844
0.1776574679  0.99997997 0.99998844
0.1796208369  0.99975332 0.99998844
0.1797043392  0.99941725 0.99998844
0.1797411796  0.99988625 0.99998844
0.1797760129  0.99980764 0.99998844
0.1817698454  0.99993143 0.99998844
0.1818244598  1.00019172 0.99998844
0.1818547531  0.99977756 0.99998844
0.1838182166  0.99991623 0.99998844
0.1839016655  1.00004514 0.99998844
0.1839384607  0.99978154 0.99998844
0.1859671820  0.99945030 0.99998844
0.1860217471  0.99999099 0.99998844
0.1860520589  1.00010879 0.99998844
0.1880156353  1.00018802 0.99998844
0.1880990123  1.00043221 0.99998844
0.1881357829  0.99996399 0.99998844
0.1881706347  1.00004800 0.99998844
0.1901645597  1.00004115 0.99998844
0.1902190755  1.00025732 0.99998844
0.1902493852  0.99996723 0.99998844
0.1922130335  1.00010349 0.99998844
0.1922963181  1.00028457 0.99998844
0.1923330825  1.00000314 0.99998844
0.1923679774  1.00014741 0.99998844
0.1943619168  0.99984973 0.99998844
0.1944163833  1.00012769 0.99998844
0.1944466704  0.99984739 0.99998844
0.1964104112  1.00022849 0.99998844
0.1964936444  1.00013672 0.99998844
0.1965303636  1.00003751 0.99998844
0.1965652770  1.00005218 0.99998844
0.1985592513  1.00007093 0.99998844
0.1986136705  0.99982058 0.99998844
0.1986439762  1.00041276 0.99998844
0.2006078300  1.00038686 0.99998844
0.2006909912  0.99988963 0.99998844
0.2007276837  1.00010256 0.99998844
0.2007625992  1.00014112 0.99998844
0.2027566290  1.00017173 0.99998844
0.2028109989  1.00010689 0.99998844
0.2028413025  1.00005643 0.99998844
0.2028913686  0.99995356 0.99998844
0.2048052282  0.99956746 0.99998844
0.2048882970  0.99961182 0.99998844
0.2049599399  1.00019123 0.99998844
0.2069539861  0.99995753 0.99998844
0.2070083067  1.00021430 0.99998844
0.2070386082  0.99989840 0.99998844
0.2070887154  0.99996429 0.99998844
0.2090026264  1.00007425 0.99998844
0.2090856233  0.99996227 0.99998844
0.2091222850  1.00033577 0.99998844
0.2091572621  1.00027762 0.99998844
0.2111513227  1.00022445 0.99998844
0.2112056330  0.99987962 0.99998844
0.2112359119  1.00015297 0.99998844
0.2112860849  0.99979730 0.99998844
0.2132000225  0.99986022 0.99998844
0.2132829701  1.00028681 0.99998844
0.2133195866  1.00042896 0.99998844
0.2133545843  1.00020910 0.99998844
0.2153486983  0.99982676 0.99998844
0.2154029203  0.99990603 0.99998844
0.2154332177  1.00000378 0.99998844
0.2154834112  0.99988702 0.99998844
0.2173974207  0.99958964 0.99998844
0.2174802759  1.00012738 0.99998844
0.2175168883  1.00000251 0.99998844
0.2175519065  0.99993276 0.99998844
0.2195460554  0.99995762 0.99998844
0.2196002281  0.99992795 0.99998844
0.2196807601  0.99978827 0.99998844
0.2215948189  1.00006616 0.99998844
0.2217141879  1.00002403 0.99998844
0.2217492266  1.00002138 0.99998844
0.2237434125  0.99995100 0.99998844
0.2237975565  1.00020555 0.99998844
0.2238278292  0.99990465 0.99998844
0.2238781295  1.00024968 0.99998844
0.2257922377  1.00002361 0.99998844
0.2259115101  1.00036103 0.99998844
0.2259465488  0.99986526 0.99998844
0.2279407676  1.00009683 0.99998844
0.2279948437  0.99977736 0.99998844
0.2280251350  0.99994487 0.99998844
0.2280754558  0.99975255 0.99998844
0.2299896133  0.99991966 0.99998844
0.2300722548  0.99978611 0.99998844
0.2301087891  1.00006155 0.99998844
0.2301438710  0.99976664 0.99998844
0.2321381247  1.00011913 0.99998844
0.2321921515  1.00027947 0.99998844
0.2322224407  1.00006964 0.99998844
0.2322728047  0.99975226 0.99998844
0.2341870115  1.00002480 0.99998844
0.2342695811  1.00019322 0.99998844
0.2343061113  1.00000607 0.99998844
0.2363354797  0.99990836 0.99998844
0.2363894799  1.00021294 0.99998844
0.2364197670  1.00006674 0.99998844
0.2364701742  1.00007773 0.99998844
0.2383844282  0.99999570 0.99998844
0.2384669279  0.99990599 0.99998844
0.2385034109  0.99979579 0.99998844
0.2385385360  1.00007033 0.99998844
0.2405328369  0.99999813 0.99998844
0.2406170522  1.00003114 0.99998844
0.2406675005  1.00005961 0.99998844
0.2425818058  1.00022094 0.99998844
0.2426642522  0.99990797 0.99998844
0.2427006920  1.00011543 0.99998844
0.2427358376  0.99970542 0.99998844
0.2447301919  1.00029711 0.99998844
0.2447840729  1.00014190 0.99998844
0.2448143580  0.99995734 0.99998844
0.2448648699  1.00026828 0.99998844
0.2467792020  0.99977421 0.99998844
0.2468615579  0.99987316 0.99998844
0.2468980142  0.99996002 0.99998844
0.2469331783  0.99985337 0.99998844
0.2489275490  0.99993831 0.99998844
0.2489814013  1.00007176 0.99998844
0.2490116843  0.99990646 0.99998844
0.2509766207  0.99996502 0.99998844
0.2510589048  1.00001103 0.99998844
0.2510953138  0.99995191 0.99998844
0.2511305005  0.99986981 0.99998844
0.2531249246  0.99993695 0.99998844
0.2531786886  0.99971710 0.99998844
0.2532089695  1.00012799 0.99998844
0.2532595472  1.00006489 0.99998844
0.2551739963  0.99986367 0.99998844
0.2552562311  0.99968713 0.99998844
0.2552925949  0.99981945 0.99998844
0.2553278021  0.99980465 0.99998844
0.2573222592  1.00001837 0.99998844
0.2573759943  1.00034452 0.99998844
0.2574062958  1.00009892 0.99998844
0.2574569166  0.99985040 0.99998844
0.2593713925  1.00023621 0.99998844
0.2594535348  0.99999382 0.99998844
0.2594899150  1.00013378 0.99998844
0.2595251449  1.00026290 0.99998844
0.2615196163  1.00002403 0.99998844
0.2615733227  1.00023485 0.99998844
0.2616036036  0.99982171 0.99998844
0.2616542635  1.00005125 0.99998844
0.2635687907  1.00011409 0.99998844
0.2636508816  1.00001994 0.99998844
0.2636872167  0.99992510 0.99998844
0.2637224465  1.00008371 0.99998844
0.2657169919  1.00009248 0.99998844
0.2657706099  0.99991306 0.99998844
0.2658008889  0.99976245 0.99998844
0.2658515918  0.99979408 0.99998844
0.2677661868  0.99998890 0.99998844
0.2678482079  1.00003996 0.99998844
0.2678844957  1.00049859 0.99998844
0.2679197687  1.00026461 0.99998844
0.2699143264  1.00000837 0.99998844
0.2699679178  1.00011514 0.99998844
0.2719635830  0.99979786 0.99998844
0.2720455117  0.99987785 0.99998844
0.2720818179  1.00002075 0.99998844
0.2721171115  1.00000864 0.99998844
0.2741116815  0.99999675 0.99998844
0.2741652441  1.00002029 0.99998844
0.2741955209  1.00002283 0.99998844
0.2742463102  0.99940750 0.99998844
0.2761609791  0.99995388 0.99998844
0.2762428585  1.00009717 0.99998844
0.2762791196  0.99989816 0.99998844
0.2763144131  0.99982691 0.99998844
0.2783090386  0.99946187 0.99998844
0.2783625313  0.99944993 0.99998844
0.2783928061  0.99980759 0.99998844
0.2784436796  1.00017224 0.99998844
0.2803583753  1.00022683 0.99998844
0.2804401827  0.99987287 0.99998844
0.2804763986  1.00004602 0.99998844
0.2805117353  0.99997706 0.99998844
0.2825063936  0.99929302 0.99998844
0.2825901324  1.00023214 0.99998844
0.2826410080  1.00005579 0.99998844
0.2845557714  0.99980003 0.99998844
0.2846737208  0.99999504 0.99998844
0.2867037487  0.99983931 0.99998844
0.2867874382  0.99954886 0.99998844
0.2868383569  1.00011457 0.99998844
0.2887531676  1.00008365 0.99998844
0.2888348333  1.00006059 0.99998844
0.2888710204  1.00017014 0.99998844
0.2889063817  1.00019073 0.99998844
0.2909011038  1.00008284 0.99998844
0.2909847234  0.99999626 0.99998844
0.2910357284  0.99974635 0.99998844
0.2929505637  0.99994600 0.99998844
0.2930321596  1.00007756 0.99998844
0.2930683426  1.00011424 0.99998844
0.2931037245  1.00015020 0.99998844
0.2950984588  0.99951243 0.99998844
0.2951820497  0.99997753 0.99998844
0.2952330567  0.99999129 0.99998844
0.2971479599  1.00013935 0.99998844
0.2972294838  0.99991004 0.99998844
0.2972656217  0.99994148 0.99998844
0.2973010467  0.99979459 0.99998844
0.2992958139  0.99975449 0.99998844
0.2993490868  0.99982730 0.99998844
0.2993793575  0.99985109 0.99998844
0.3013453766  0.99998253 0.99998844
0.3014268102  0.99968901 0.99998844
0.3014629233  0.99963227 0.99998844
0.3014983483  1.00022855 0.99998844
0.3034931690  1.00001820 0.99998844
0.3035463741  0.99995868 0.99998844
0.3035766633  1.00011774 0.99998844
0.3036277751  0.99997688 0.99998844
0.3055427522  0.99997920 0.99998844
0.3056241139  0.99964549 0.99998844
0.3056956911  1.00009748 0.99998844
0.3076905240  1.00005172 0.99998844
0.3077437004  0.99994535 0.99998844
0.3077739690  1.00010363 0.99998844
0.3078251240  1.00024333 0.99998844
0.3097401463  1.00005644 0.99998844
0.3098214607  1.00010866 0.99998844
0.3098575246  0.99976254 0.99998844
0.3098930153  0.99993619 0.99998844
0.3119410082  1.00000715 0.99998844
0.3119712748  0.99992411 0.99998844
0.3120224544  0.99999046 0.99998844
0.3139375630  0.99997482 0.99998844
0.3140187849  0.99996761 0.99998844
0.3140548262  0.99995756 0.99998844
0.3140903375  0.99988401 0.99998844
0.3160852321  1.00032847 0.99998844
0.3161382955  1.00014044 0.99998844
0.3161685806  1.00005219 0.99998844
0.3162198238  1.00001632 0.99998844
0.3181349386  1.00003758 0.99998844
0.3182161092  1.00040356 0.99998844
0.3182521258  0.99998246 0.99998844
0.3182876597  1.00006935 0.99998844
0.3202825872  0.99992075 0.99998844
0.3203356218  0.99987009 0.99998844
0.3204171727  1.00002686 0.99998844
0.3223323327  0.99998600 0.99998844
0.3224494275  0.99988333 0.99998844
0.3224849819  0.99976133 0.99998844
0.3244799422  1.00010837 0.99998844
0.3245329296  1.00033995 0.99998844
0.3245631941  0.99983361 0.99998844
0.3246145237  0.99990334 0.99998844
0.3265297494  1.00020085 0.99998844
0.3266467271  0.99987259 0.99998844
0.3266823061  1.00008191 0.99998844
0.3286773158  1.00027899 0.99998844
0.3287302354  1.00040038 0.99998844
0.3287604999  1.00003074 0.99998844
0.3288118726  1.00014376 0.99998844
0.3307271229  1.00001061 0.99998844
0.3308080840  0.99988278 0.99998844
0.3308440287  1.00024471 0.99998844
0.3308796283  1.00027217 0.99998844
0.3328746503  0.99992234 0.99998844
0.3329275432  0.99984384 0.99998844
0.3329578057  1.00001368 0.99998844
0.3330092215  1.00006660 0.99998844
0.3349245191  0.99987667 0.99998844
0.3350054082  0.99998478 0.99998844
0.3350413283  1.00004470 0.99998844
0.3370720054  0.99989261 0.99998844
0.3371248489  1.00016279 0.99998844
0.3371551135  1.00009378 0.99998844
0.3372065724  0.99992658 0.99998844
0.3391219337  0.99998347 0.99998844
0.3392027345  1.00007833 0.99998844
0.3392386300  1.00006700 0.99998844
0.3392742953  0.99985932 0.99998844
0.3412693789  1.00009362 0.99998844
0.3413221568  0.99969821 0.99998844
0.3413524398  1.00003613 0.99998844
0.3414039213  0.99990869 0.99998844
0.3433193093  1.00005740 0.99998844
0.3434000588  1.00015623 0.99998844
0.3434359522  0.99992716 0.99998844
0.3434716175  0.99985588 0.99998844
0.3454667134  1.00004021 0.99998844
0.3455194625  1.00016101 0.99998844
0.3455497250  1.00005780 0.99998844
0.3456012517  1.00006855 0.99998844
0.3475974036  1.00012038 0.99998844
0.3476332312  0.99998261 0.99998844
0.3476689212  1.00020320 0.99998844
0.3496640685  1.00001536 0.99998844
0.3497167703  0.99996665 0.99998844
0.3497470513  0.99976337 0.99998844
0.3517141180  1.00003289 0.99998844
0.3517947073  0.99987661 0.99998844
0.3518305534  1.00005862 0.99998844
0.3518662640  0.99997376 0.99998844
0.3538614420  1.00021612 0.99998844
0.3539140761  0.99980902 0.99998844
0.3539443591  1.00007241 0.99998844
0.3539959721  0.99991332 0.99998844
0.3559114916  1.00020550 0.99998844
0.3559920315  1.00012665 0.99998844
0.3560635882  0.99998747 0.99998844
0.3580587745  1.00005478 0.99998844
0.3581114044  0.99992247 0.99998844
0.3581416443  0.99985610 0.99998844
0.3581933436  1.00003654 0.99998844
0.3601088877  1.00000691 0.99998844
0.3601893784  1.00001744 0.99998844
0.3602251341  0.99965451 0.99998844
0.3602608898  1.00014785 0.99998844
0.3623086897  1.00042600 0.99998844
0.3623389706  0.99991760 0.99998844
0.3623906720  0.99996902 0.99998844
0.3643063024  1.00016672 0.99998844
0.3643866821  1.00003321 0.99998844
0.3644224543  0.99998142 0.99998844
0.3644582346  1.00025216 0.99998844
0.3664535031  0.99997044 0.99998844
0.3665059975  1.00018976 0.99998844
0.3665362784  0.99994731 0.99998844
0.3665880230  1.00011351 0.99998844
0.3685036759  1.00006284 0.99998844
0.3685840063  0.99971656 0.99998844
0.3686197559  0.99994729 0.99998844
0.3706508376  0.99995297 0.99998844
0.3707033238  0.99989951 0.99998844
0.3707853944  1.00003632 0.99998844
0.3727010700  0.99972907 0.99998844
0.3727813511  0.99997106 0.99998844
0.3728170350  1.00011562 0.99998844
0.3728529016  0.99936567 0.99998844
0.3748482112  0.99989129 0.99998844
0.3749006090  0.99992092 0.99998844
0.3749308920  1.00008374 0.99998844
0.3749827249  0.99994995 0.99998844
0.3768984847  1.00017365 0.99998844
0.3770143572  1.00045999 0.99998844
0.3790455642  1.00006832 0.99998844
0.3790979373  0.99994385 0.99998844
0.3791281978  0.99998888 0.99998844
0.3791800738  0.99983569 0.99998844
0.3810958788  0.99995937 0.99998844
0.3811759791  0.99977433 0.99998844
0.3812116588  0.99996114 0.99998844
0.3812475275  0.99996454 0.99998844
0.3832428987  0.99993164 0.99998844
0.3832952431  1.00005618 0.99998844
0.3833254830  1.00000811 0.99998844
0.3833774453  1.00024869 0.99998844
0.3852932523  0.99937880 0.99998844
0.3853733239  0.99968762 0.99998844
0.3854089379  1.00013450 0.99998844
0.3874402723  1.00011216 0.99998844
0.3874925304  1.00057682 0.99998844
0.3875228113  1.00013501 0.99998844
0.3875747757  0.99986493 0.99998844
0.3895706276  0.99967177 0.99998844
0.3896062601  1.00005642 0.99998844
0.3896421740  1.00014017 0.99998844
0.3916376253  0.99988687 0.99998844
0.3917201171  0.99988719 0.99998844
0.3917721472  0.99971473 0.99998844
0.3936880590  0.99973324 0.99998844
0.3937679498  0.99965395 0.99998844
0.3938035597  0.99989447 0.99998844
0.3938394982  0.99993694 0.99998844
0.3958349783  0.99991141 0.99998844
0.3958871624  1.00012208 0.99998844
0.3959174455  0.99995640 0.99998844
0.3978854325  0.99981372 0.99998844
0.3979652946  0.99982772 0.99998844
0.3980008613  1.00026385 0.99998844
0.3980368225  0.99993391 0.99998844
0.4000323313  0.99987063 0.99998844
0.4000844497  1.00018155 0.99998844
0.4001147307  1.00013545 0.99998844
0.4020828472  0.99988403 0.99998844
0.4021625983  1.00009096 0.99998844
0.4021981609  1.00019732 0.99998844
0.4022341447  1.00054137 0.99998844
0.4042296843  0.99978988 0.99998844
0.4042817760  0.99980488 0.99998844
0.4043120385  1.00010096 0.99998844
0.4043642000  0.99988932 0.99998844
0.4062802392  0.99996112 0.99998844
0.4063599225  1.00024242 0.99998844
0.4064314689  0.99962348 0.99998844
0.4084270373  1.00006138 0.99998844
0.4084790612  1.00015685 0.99998844
0.4085093648  0.99961418 0.99998844
0.4085615510  1.00021251 0.99998844
0.4104776333  1.00000348 0.99998844
0.4105572673  1.00037017 0.99998844
0.4106287932  1.00002293 0.99998844
0.4126763690  1.00001841 0.99998844
0.4127066500  1.00006326 0.99998844
0.4127588814  0.99996669 0.99998844
0.4146750274  1.00020831 0.99998844
0.4147545916  1.00035330 0.99998844
0.4147900638  0.99987200 0.99998844
0.4148261174  0.99996858 0.99998844
0.4168217433  0.99998448 0.99998844
0.4168736953  1.00008388 0.99998844
0.4169039578  0.99998857 0.99998844
0.4169562529  0.99977613 0.99998844
0.4188724195  0.99994872 0.99998844
0.4189873654  1.00019504 0.99998844
0.4190234601  0.99974927 0.99998844
0.4210190963  0.99983708 0.99998844
0.4210709806  0.99959855 0.99998844
0.4211536038  1.00008970 0.99998844
0.4230698136  1.00005511 0.99998844
0.4231492380  0.99977811 0.99998844
0.4231846856  0.99997274 0.99998844
0.4232207638  1.00014190 0.99998844
0.4252164699  1.00017325 0.99998844
0.4252682863  0.99981627 0.99998844
0.4253509548  0.99998111 0.99998844
0.4272672056  1.00016836 0.99998844
0.4273819872  0.99975886 0.99998844
0.4274180881  1.00011184 0.99998844
0.4294138024  1.00010919 0.99998844
0.4294656147  0.99973108 0.99998844
0.4294958772  1.00001101 0.99998844
0.4295483058  1.00004708 0.99998844
0.4314645976  1.00002845 0.99998844
0.4315438865  1.00008176 0.99998844
0.4315792663  1.00007234 0.99998844
0.4316154329  0.99976246 0.99998844
0.4336111554  1.00026720 0.99998844
0.4336629204  1.00027808 0.99998844
0.4336932055  1.00002989 0.99998844
0.4337456588  0.99984678 0.99998844
0.4356619917  0.99979152 0.99998844
0.4357412087  1.00017969 0.99998844
0.4357765885  0.99973241 0.99998844
0.4378085084  0.99990691 0.99998844
0.4378602057  0.99968758 0.99998844
0.4378905133  0.99971962 0.99998844
0.4379430303  1.00024312 0.99998844
0.4398593838  0.99975721 0.99998844
0.4399385329  0.99987033 0.99998844
0.4399738881  0.99998389 0.99998844
0.4400100608  0.99955200 0.99998844
0.4420058593  1.00024243 0.99998844
0.4420878191  1.00008920 0.99998844
0.4421403812  1.00055664 0.99998844
0.4440567553  0.99995403 0.99998844
0.4441358572  0.99970465 0.99998844
0.4441711692  0.99975979 0.99998844
0.4442074056  1.00007317 0.99998844
0.4462032123  1.00007431 0.99998844
0.4462548398  0.99993458 0.99998844
0.4462851269  1.00001356 0.99998844
0.4463377116  1.00010114 0.99998844
0.4482541679  1.00003164 0.99998844
0.4483331794  1.00001664 0.99998844
0.4483684914  1.00000411 0.99998844
0.4484047093  1.00051179 0.99998844
0.4504005654  0.99985347 0.99998844
0.4504521250  0.99982518 0.99998844
0.4504824121  0.99996442 0.99998844
0.4524515620  0.99987522 0.99998844
0.4525304831  1.00006865 0.99998844
0.4526020336  1.00024295 0.99998844
0.4545979163  0.99981236 0.99998844
0.4546494513  1.00005033 0.99998844
0.4546797405  1.00005299 0.99998844
0.4566489540  1.00014824 0.99998844
0.4567278258  1.00026834 0.99998844
0.4567630721  1.00005066 0.99998844
0.4567993784  1.00049444 0.99998844
0.4587952488  0.99998278 0.99998844
0.4588467570  1.00000986 0.99998844
0.4588770483  0.99989334 0.99998844
0.4608463460  1.00010857 0.99998844
0.4609251501  1.00004887 0.99998844
0.4609603922  0.99993561 0.99998844
0.4609967026  0.99992401 0.99998844
0.4629926223  1.00011222 0.99998844
0.4630440833  1.00004716 0.99998844
0.4630743335  0.99967398 0.99998844
0.4650437381  1.00014194 0.99998844
0.4651224517  1.00000188 0.99998844
0.4651576939  0.99985639 0.99998844
0.4651940269  1.00001570 0.99998844
0.4671899733  0.99993365 0.99998844
0.4672413686  1.00006686 0.99998844
0.4672716619  0.99987766 0.99998844
0.4692411301  0.99996473 0.99998844
0.4693197965  0.99997057 0.99998844
0.4693549935  1.00007256 0.99998844
0.4693913511  0.99999457 0.99998844
0.4713873263  0.99990261 0.99998844
0.4714386764  1.00009258 0.99998844
0.4734385427  1.00017555 0.99998844
0.4735171187  0.99972288 0.99998844
0.4735522951  0.99993104 0.99998844
0.4735886754  1.00044746 0.99998844
0.4755846772  0.99993047 0.99998844
0.4756360027  0.99973313 0.99998844
0.4756662549  1.00003124 0.99998844
0.4776359142  1.00011130 0.99998844
0.4777495762  1.00009499 0.99998844
0.4777860202  1.00019034 0.99998844
0.4797820282  1.00007415 0.99998844
0.4798332879  1.00012610 0.99998844
0.4818333042  0.99995323 0.99998844
0.4819117652  0.99995990 0.99998844
0.4819468964  1.00000914 0.99998844
0.4819833239  0.99992554 0.99998844
0.4839793812  1.00021361 0.99998844
0.4840305937  1.00003059 0.99998844
0.4860307168  0.99997289 0.99998844
0.4861090894  0.99984625 0.99998844
0.4861441980  1.00005457 0.99998844
0.4861806502  0.99981565 0.99998844
0.4881767322  0.99996359 0.99998844
0.4882279200  1.00007843 0.99998844
0.4902280883  1.00002434 0.99998844
0.4903064116  1.00007132 0.99998844
0.4903414771  0.99994491 0.99998844
0.4903779950  0.99979512 0.99998844
0.4923740852  0.99999141 0.99998844
0.4924252052  0.99998272 0.99998844
0.4924555046  0.99978538 0.99998844
0.4944254803  1.00031273 0.99998844
0.4945037338  1.00000773 0.99998844
0.4945387993  1.00009370 0.99998844
0.4945752987  0.99999635 0.99998844
0.4966225109  1.00020818 0.99998844
0.4966528124  1.00017977 0.99998844
0.4986228908  0.99982605 0.99998844
0.4987010580  0.99999369 0.99998844
0.4987360989  0.99995380 0.99998844
0.4987726435  0.99986761 0.99998844
0.5017969098  1.00006852 0.99998844
0.5018601051  1.00020667 0.99998844
0.5018913516  1.00045638 0.99998844
0.5019349815  1.00013434 0.99998844
0.5039339622  0.99997306 0.99998844
0.5039755624  1.00015990 0.99998844
0.5040076430  0.99987867 0.99998844
0.5059942587  0.99981046 0.99998844
0.5060574191  1.00024714 0.99998844
0.5060886738  0.99992752 0.99998844
0.5061323181  0.99992206 0.99998844
0.5080357212  0.99994726 0.99998844
0.5081312967  1.00022089 0.99998844
0.5081728641  1.00036097 0.99998844
0.5082049570  0.99989382 0.99998844
0.5101916302  1.00003806 0.99998844
0.5102547104  0.99985021 0.99998844
0.5102859775  0.99995590 0.99998844
0.5103296567  1.00010836 0.99998844
0.5122331153  1.00004384 0.99998844
0.5123286333  1.00001552 0.99998844
0.5123701452  0.99980226 0.99998844
0.5124022730  0.99996607 0.99998844
0.5143889996  0.99984325 0.99998844
0.5144520429  0.99977393 0.99998844
0.5144832791  0.99992806 0.99998844
0.5145269728  1.00001920 0.99998844
0.5164305299  1.00014524 0.99998844
0.5165259678  1.00003547 0.99998844
0.5165674694  0.99987105 0.99998844
0.5165996075  0.99969802 0.99998844
0.5185863691  1.00007929 0.99998844
0.5186493569  0.99996786 0.99998844
0.5186805828  1.00016906 0.99998844
0.5187243319  0.99988282 0.99998844
0.5206279651  1.00015331 0.99998844
0.5207647711  1.00001589 0.99998844
0.5207969030  1.00038777 0.99998844
0.5227837385  0.99967423 0.99998844
0.5228466483  1.00006835 0.99998844
0.5228778845  1.00027877 0.99998844
0.5229216685  0.99983804 0.99998844
0.5248253592  1.00000406 0.99998844
0.5249620522  1.00015004 0.99998844
0.5249942375  1.00006093 0.99998844
0.5269811079  0.99994687 0.99998844
0.5270439807  1.00002770 0.99998844
0.5270751882  1.00009838 0.99998844
0.5271190277  0.99978355 0.99998844
0.5291179734  1.00018450 0.99998844
0.5291593744  1.00013235 0.99998844
0.5311784774  0.99993151 0.99998844
0.5312412947  0.99994411 0.99998844
0.5312724898  1.00007277 0.99998844
0.5313163437  0.99975786 0.99998844
0.5332202090  1.00005317 0.99998844
0.5333153100  0.99995485 0.99998844
0.5333566761  1.00015712 0.99998844
0.5333888470  0.99988401 0.99998844
0.5353758468  1.00011485 0.99998844
0.5354385861  0.99979244 0.99998844
0.5354697935  0.99988489 0.99998844
0.5355136823  0.99999868 0.99998844
0.5374176216  1.00029316 0.99998844
0.5375126445  0.99984712 0.99998844
0.5375539982  0.99993300 0.99998844
0.5375861836  1.00021754 0.99998844
0.5395732163  1.00006433 0.99998844
0.5396359185  0.99987694 0.99998844
0.5396670952  1.00002641 0.99998844
0.5397110415  0.99999669 0.99998844
0.5417512794  0.99989234 0.99998844
0.5417834975  1.00013656 0.99998844
0.5437705857  0.99993545 0.99998844
0.5438332325  0.99998724 0.99998844
0.5438644194  0.99989888 0.99998844
0.5458124509  0.99997775 0.99998844
0.5459485810  0.99986522 0.99998844
0.5459807930  1.00004567 0.99998844
0.5479679531  1.00000276 0.99998844
0.5480305650  1.00006772 0.99998844
0.5480617005  1.00001545 0.99998844
0.5481056962  1.00002340 0.99998844
0.5500098634  0.99989212 0.99998844
0.5501046501  1.00005902 0.99998844
0.5501459032  0.99987172 0.99998844
0.5501781276  1.00043917 0.99998844
0.5521653226  0.99944569 0.99998844
0.5522278564  1.00004486 0.99998844
0.5522590248  1.00035168 0.99998844
0.5523030553  1.00002989 0.99998844
0.5542072575  0.99991602 0.99998844
0.5543020052  1.00016029 0.99998844
0.5543431843  0.99992735 0.99998844
0.5543754436  0.99977309 0.99998844
0.5564251683  0.99989988 0.99998844
0.5564563264  0.99991939 0.99998844
0.5565003940  0.99990424 0.99998844
0.5584046907  1.00020336 0.99998844
0.5584993191  0.99987955 0.99998844
0.5585404860  1.00008549 0.99998844
0.5585727370  0.99967572 0.99998844
0.5605600614  1.00008401 0.99998844
0.5606225028  0.99995198 0.99998844
0.5606536096  0.99970560 0.99998844
0.5606977326  1.00030850 0.99998844
0.5626021053  1.00002171 0.99998844
0.5626966537  0.99976352 0.99998844
0.5627378082  1.00016186 0.99998844
0.5627700736  1.00013584 0.99998844
0.5647574494  1.00021665 0.99998844
0.5648197942  0.99980896 0.99998844
0.5648950692  0.99997840 0.99998844
0.5667994973  1.00004096 0.99998844
0.5668940108  1.00026992 0.99998844
0.5669350893  0.99996442 0.99998844
0.5669673691  0.99986487 0.99998844
0.5689547983  0.99999265 0.99998844
0.5690171061  1.00011327 0.99998844
0.5690482355  1.00017243 0.99998844
0.5690924078  0.99981144 0.99998844
0.5709969305  1.00002926 0.99998844
0.5711323909  1.00007037 0.99998844
0.5711647036  0.99999826 0.99998844
0.5731521883  1.00005268 0.99998844
0.5732144386  1.00018349 0.99998844
0.5732455187  0.99986650 0.99998844
0.5732897464  0.99983112 0.99998844
0.5751943451  0.99997308 0.99998844
0.5753296926  1.00002697 0.99998844
0.5753620196  1.00003947 0.99998844
0.5773495556  1.00008977 0.99998844
0.5774117300  1.00000419 0.99998844
0.5774428409  0.99995850 0.99998844
0.5774870851  1.00032579 0.99998844
0.5793917371  0.99979138 0.99998844
0.5794860143  0.99962425 0.99998844
0.5795269942  1.00001923 0.99998844
0.5815469045  0.99998379 0.99998844
0.5816090439  1.00003180 0.99998844
0.5816401446  0.99981564 0.99998844
0.5816844237  0.99996730 0.99998844
0.5835891703  0.99975429 0.99998844
0.5836833283  1.00003707 0.99998844
0.5837242959  0.99993493 0.99998844
0.5837566496  1.00028282 0.99998844
0.5857442925  0.99979383 0.99998844
0.5858374257  1.00015280 0.99998844
0.5858817829  1.00023823 0.99998844
0.5877865829  1.00002507 0.99998844
0.5878806628  0.99994139 0.99998844
0.5879215975  1.00018529 0.99998844
0.5879539657  0.99976105 0.99998844
0.5899416619  1.00021840 0.99998844
0.5900036883  1.00032322 0.99998844
0.5900347499  1.00003840 0.99998844
0.5900791009  0.99996478 0.99998844
0.5920780179  1.00004584 0.99998844
0.5921188992  0.99998132 0.99998844
0.5921512817  0.99995399 0.99998844
0.5941390088  1.00025431 0.99998844
0.5942009797  0.99995645 0.99998844
0.5942320536  1.00031948 0.99998844
0.5961814080  1.00000688 0.99998844
0.5962753319  1.00019686 0.99998844
0.5963162214  0.99983852 0.99998844
0.5963485977  1.00000903 0.99998844
0.5983363967  0.99993961 0.99998844
0.5983983122  1.00001153 0.99998844
0.5984293553  0.99994020 0.99998844
0.5984737987  1.00007234 0.99998844
0.6003788206  0.99975944 0.99998844
0.6004726664  0.99996952 0.99998844
0.6005459117  0.99993648 0.99998844
0.6025337661  1.00002196 0.99998844
0.6025956241  0.99991211 0.99998844
0.6026266590  1.00015893 0.99998844
0.6026711168  1.00013178 0.99998844
0.6045762332  1.00008033 0.99998844
0.6046700194  1.00027745 0.99998844
0.6067311130  0.99990618 0.99998844
0.6067929155  0.99985163 0.99998844
0.6068239627  1.00012298 0.99998844
0.6068684760  1.00005216 0.99998844
0.6087736458  0.99991199 0.99998844
0.6088673539  1.00009331 0.99998844
0.6089405438  0.99971334 0.99998844
0.6109285009  0.99982875 0.99998844
0.6109902479  1.00004512 0.99998844
0.6110212643  0.99946728 0.99998844
0.6110658167  1.00000792 0.99998844
0.6129710584  1.00018029 0.99998844
0.6130646679  1.00005593 0.99998844
0.6131378598  1.00015053 0.99998844
0.6151258683  1.00002756 0.99998844
0.6151875599  1.00033832 0.99998844
0.6152631348  1.00002872 0.99998844
0.6171684709  1.00007635 0.99998844
0.6172620230  1.00016525 0.99998844
0.6173351964  0.99994901 0.99998844
0.6193232152  0.99957762 0.99998844
0.6193848512  1.00034673 0.99998844
0.6194158718  0.99977382 0.99998844
0.6194604939  0.99999999 0.99998844
0.6213658815  1.00002592 0.99998844
0.6214593575  0.99997416 0.99998844
0.6215325124  0.99987092 0.99998844
0.6235821837  0.99982633 0.99998844
0.6236131734  1.00010639 0.99998844
0.6236578326  1.00013792 0.99998844
0.6255632941  1.00007932 0.99998844
0.6256566694  1.00017418 0.99998844
0.6257298058  1.00000361 0.99998844
0.6277179725  1.00016616 0.99998844
0.6277794956  0.99976628 0.99998844
0.6278104771  0.99998124 0.99998844
0.6278551527  0.99993191 0.99998844
0.6297607066  1.00015066 0.99998844
0.6298540245  1.00023271 0.99998844
0.6319153399  1.00027726 0.99998844
0.6319767870  1.00021591 0.99998844
0.6320077808  0.99991492 0.99998844
0.6320525119  0.99996300 0.99998844
0.6339581377  0.99988650 0.99998844
0.6340513590  1.00000316 0.99998844
0.6341244584  0.99967674 0.99998844
0.6361127073  1.00034277 0.99998844
0.6361741195  1.00017076 0.99998844
0.6362050825  0.99980708 0.99998844
0.6362498505  0.99946289 0.99998844
0.6381555298  1.00000533 0.99998844
0.6382486709  1.00003716 0.99998844
0.6383217539  1.00014539 0.99998844
0.6403100747  0.99986895 0.99998844
0.6403714314  1.00006705 0.99998844
0.6404023862  1.00012238 0.99998844
0.6423529608  1.00029271 0.99998844
0.6424460260  1.00036608 0.99998844
0.6425190905  1.00022278 0.99998844
0.6445074421  0.99979592 0.99998844
0.6445687228  1.00031714 0.99998844
0.6445997104  1.00000077 0.99998844
0.6465503529  1.00003725 0.99998844
0.6466433605  0.99995326 0.99998844
0.6467164065  1.00013521 0.99998844
0.6487048074  0.99948407 0.99998844
0.6487660532  1.00029370 0.99998844
0.6487970121  1.00001533 0.99998844
0.6507477634  0.99991942 0.99998844
0.6508407135  0.99993983 0.99998844
0.6509137020  1.00006011 0.99998844
0.6529021748  0.99944197 0.99998844
0.6529633651  1.00004316 0.99998844
0.6529942952  0.99987245 0.99998844
0.6530392091  1.00022301 0.99998844
0.6549451965  0.99975976 0.99998844
0.6550380275  0.99987883 0.99998844
0.6550784219  0.99975162 0.99998844
0.6551110386  1.00002082 0.99998844
0.6571606770  0.99992290 0.99998844
0.6571916195  1.00024877 0.99998844
0.6572365478  1.00005856 0.99998844
0.6591425865  1.00014734 0.99998844
0.6592353599  0.99976267 0.99998844
0.6592757441  0.99990734 0.99998844
0.6593083546  0.99988722 0.99998844
0.6612969096  0.99998447 0.99998844
0.6613579889  1.00007658 0.99998844
0.6613889232  1.00016538 0.99998844
0.6614338679  1.00005886 0.99998844
0.6633399970  0.99993592 0.99998844
0.6634326945  0.99958108 0.99998844
0.6634730457  0.99991122 0.99998844
0.6635056912  0.99972027 0.99998844
0.6654942749  1.00012479 0.99998844
0.6655553009  1.00004151 0.99998844
0.6655862043  1.00019110 0.99998844
0.6656312271  0.99995802 0.99998844
0.6675374281  0.99962528 0.99998844
0.6676300269  0.99971921 0.99998844
0.6676703679  1.00014790 0.99998844
0.6677029867  0.99970889 0.99998844
0.6696916423  0.99986966 0.99998844
0.6697526107  0.99997217 0.99998844
0.6697835285  1.00017199 0.99998844
0.6698285678  1.00013810 0.99998844
0.6717348181  0.99993499 0.99998844
0.6718676490  1.00008681 0.99998844
0.6719003048  1.00013109 0.99998844
0.6738890097  0.99988704 0.99998844
0.6739499227  1.00012358 0.99998844
0.6739808322  0.99990183 0.99998844
0.6740259084  0.99979441 0.99998844
0.6759322286  1.00021939 0.99998844
0.6760246939  0.99997360 0.99998844
0.6760649507  1.00023259 0.99998844
0.6760976414  1.00018799 0.99998844
0.6780863750  0.99998579 0.99998844
0.6781472346  0.99998763 0.99998844
0.6781781154  0.99993129 0.99998844
0.6782232471  0.99991920 0.99998844
0.6801296597  0.99990631 0.99998844
0.6802220264  0.99987843 0.99998844
0.6802622729  1.00025230 0.99998844
0.6802949368  1.00002538 0.99998844
0.6822837424  0.99983867 0.99998844
0.6823445465  0.99996299 0.99998844
0.6823754376  0.99978873 0.99998844
0.6824205877  0.99996476 0.99998844
0.6843270497  1.00003656 0.99998844
0.6844193588  1.00032302 0.99998844
0.6844595540  1.00006965 0.99998844
0.6844922529  0.99982824 0.99998844
0.6864811078  1.00053059 0.99998844
0.6865727413  0.99986206 0.99998844
0.6866179490  1.00003896 0.99998844
0.6885244602  1.00011014 0.99998844
0.6886166934  0.99989660 0.99998844
0.6886568556  1.00026540 0.99998844
0.6886895894  1.00014721 0.99998844
0.6906784752  1.00004778 0.99998844
0.6907391683  0.99960522 0.99998844
0.6907700656  0.99983578 0.99998844
0.6908152876  1.00024557 0.99998844
0.6927218913  1.00017649 0.99998844
0.6928140258  0.99981807 0.99998844
0.6928541778  0.99990602 0.99998844
0.6928868849  0.99988713 0.99998844
0.6948758199  1.00004976 0.99998844
0.6949364802  0.99996599 0.99998844
0.6949673487  1.00006456 0.99998844
0.6950126077  0.99992304 0.99998844
0.6969192813  0.99990997 0.99998844
0.6970113583  1.00005315 0.99998844
0.6970514569  0.99997489 0.99998844
0.6970842030  0.99983600 0.99998844
0.6990732079  0.99993155 0.99998844
0.6991337921  0.99997313 0.99998844
0.6991646504  1.00032612 0.99998844
0.6992099690  1.00015906 0.99998844
0.7011166918  1.00007297 0.99998844
0.7012086908  0.99998974 0.99998844
0.7012487585  0.99974644 0.99998844
0.7012815396  1.00001571 0.99998844
0.7032705732  1.00031579 0.99998844
0.7033311020  0.99999540 0.99998844
0.7033619746  1.00000817 0.99998844
0.7034073096  1.00004387 0.99998844
0.7053141229  1.00002520 0.99998844
0.7054060253  1.00016245 0.99998844
0.7054460807  1.00007761 0.99998844
0.7054788351  1.00012841 0.99998844
0.7075284345  1.00030034 0.99998844
0.7075592578  0.99991741 0.99998844
0.7076046277  1.00001917 0.99998844
0.7095115314  0.99987457 0.99998844
0.7096033577  1.00004760 0.99998844
0.7096433824  0.99983266 0.99998844
0.7096761717  1.00001439 0.99998844
0.7116653059  1.00011359 0.99998844
0.7117257238  1.00002477 0.99998844
0.7117565615  0.99980436 0.99998844
0.7118019890  0.99983652 0.99998844
0.7137089213  0.99996838 0.99998844
0.7138406635  0.99980166 0.99998844
0.7138734692  0.99985913 0.99998844
0.7158626713  1.00009870 0.99998844
0.7159230357  0.99966409 0.99998844
0.7159993296  1.00031177 0.99998844
0.7179063504  1.00023453 0.99998844
0.7179980227  1.00015363 0.99998844
0.7180379857  0.99990802 0.99998844
0.7180707852  0.99988511 0.99998844
0.7200600366  0.99996148 0.99998844
0.7201203682  1.00012867 0.99998844
0.7201511689  1.00014958 0.99998844
0.7201966909  1.00017639 0.99998844
0.7221037609  0.99980513 0.99998844
0.7221953551  1.00060786 0.99998844
0.7222352873  1.00019752 0.99998844
0.7222681218  1.00002604 0.99998844
0.7242574019  1.00018628 0.99998844
0.7243176575  0.99994432 0.99998844
0.7243484705  1.00044409 0.99998844
0.7243940110  0.99997271 0.99998844
0.7263011488  0.99997788 0.99998844
0.7263927082  1.00029794 0.99998844
0.7264325664  1.00001833 0.99998844
0.7264654399  1.00018136 0.99998844
0.7284547673  0.99988352 0.99998844
0.7285149694  0.99995081 0.99998844
0.7285457948  1.00001887 0.99998844
0.7285913517  0.99995954 0.99998844
0.7304985799  0.99985749 0.99998844
0.7305900201  0.99977842 0.99998844
0.7306298886  0.99982295 0.99998844
0.7326521326  1.00002724 0.99998844
0.7327122998  1.00000858 0.99998844
0.7327430780  1.00004725 0.99998844
0.7327887129  1.00017923 0.99998844
0.7346959884  0.99994008 0.99998844
0.7347873525  1.00049021 0.99998844
0.7348271902  1.00012388 0.99998844
0.7348600719  1.00006412 0.99998844
0.7368495185  0.99999466 0.99998844
0.7369095912  0.99990865 0.99998844
0.7369404022  1.00004448 0.99998844
0.7369860331  0.99995266 0.99998844
0.7388933784  0.99998536 0.99998844
0.7389847056  0.99996981 0.99998844
0.7390244919  0.99980591 0.99998844
0.7390573900  1.00017731 0.99998844
0.7410468653  0.99991360 0.99998844
0.7411069011  1.00030793 0.99998844
0.7411377059  0.99996104 0.99998844
0.7411833737  0.99989954 0.99998844
0.7431820175  0.99987530 0.99998844
0.7432217935  1.00007027 0.99998844
0.7432547061  0.99941950 0.99998844
0.7452442286  1.00028754 0.99998844
0.7453042336  0.99983508 0.99998844
0.7453349891  1.00002548 0.99998844
0.7473793499  0.99994140 0.99998844
0.7474190746  0.99974229 0.99998844
0.7474520241  0.99954167 0.99998844
0.7495015229  1.00028387 0.99998844
0.7495323133  1.00000011 0.99998844
0.7495780551  0.99985653 0.99998844
