-0.2492068943 1.000014857 3.710404319e-05
-0.2481484169 1.000048025 3.710404319e-05
-0.2470899394 1.000073634 3.710404319e-05
-0.246031462 0.99996474 3.710404319e-05
-0.2449729846 1.000003045 3.710404319e-05
-0.2439145071 0.9997659733 3.710404319e-05
-0.2428560297 1.000005723 3.710404319e-05
-0.2417975523 1.000143474 3.710404319e-05
-0.2407390749 1.000106675 3.710404319e-05
-0.2396805974 1.000053895 3.710404319e-05
-0.23862212 1.000035308 3.710404319e-05
-0.2375636426 1.000153925 3.710404319e-05
-0.2365051652 1.00011137 3.710404319e-05
-0.2354466877 1.000100433 3.710404319e-05
-0.2343882103 0.99984444 3.710404319e-05
-0.2333297329 0.99998248 3.710404319e-05
-0.2322712554 1.000072357 3.710404319e-05
-0.231212778 0.99997931 3.710404319e-05
-0.2301543006 1.00010671 3.710404319e-05
-0.2290958232 0.99984325 3.710404319e-05
-0.2280373457 0.9997623975 3.710404319e-05
-0.2269788683 1.000025682 3.710404319e-05
-0.2259203909 0.99982527 3.710404319e-05
-0.2248619134 1.00002441 3.710404319e-05
-0.223803436 1.000005895 3.710404319e-05
-0.2227449586 1.000185437 3.710404319e-05
-0.2216864812 1.00000448 3.710404319e-05
-0.2206280037 1.000146585 3.710404319e-05
-0.2195695263 1.00005887 3.710404319e-05
-0.2185110489 1.000103183 3.710404319e-05
-0.2174525714 0.9999713333 3.710404319e-05
-0.216394094 1.000153155 3.710404319e-05
-0.2153356166 0.999857945 3.710404319e-05
-0.2142771392 0.999922496 3.710404319e-05
-0.2132186617 1.000039518 3.710404319e-05
-0.2121601843 1.000115555 3.710404319e-05
-0.2111017069 1.000123762 3.710404319e-05
-0.2100432295 1.000104392 3.710404319e-05
-0.208984752 1.000102408 3.710404319e-05
-0.2079262746 0.9999579425 3.710404319e-05
-0.2068677972 1.00017461 3.710404319e-05
-0.2058093197 1.000060683 3.710404319e-05
-0.2047508423 0.999984416 3.710404319e-05
-0.2036923649 1.000141076 3.710404319e-05
-0.2026338875 0.999992525 3.710404319e-05
-0.20157541 0.999989695 3.710404319e-05
-0.2005169326 1.0001132 3.710404319e-05
-0.1994584552 1.00001981 3.710404319e-05
-0.1983999777 0.9999896333 3.710404319e-05
-0.1973415003 1.000003855 3.710404319e-05
-0.1962830229 0.9999823 3.710404319e-05
-0.1952245455 1.000034103 3.710404319e-05
-0.194166068 0.999860395 3.710404319e-05
-0.1931075906 0.9998465625 3.710404319e-05
-0.1920491132 1.000008705 3.710404319e-05
-0.1909906357 1.000134323 3.710404319e-05
-0.1899321583 0.999969695 3.710404319e-05
-0.1888736809 1.000037583 3.710404319e-05
-0.1878152035 0.999909035 3.710404319e-05
-0.186756726 0.99990459 3.710404319e-05
-0.1856982486 1.00004353 3.710404319e-05
-0.1846397712 1.000119248 3.710404319e-05
-0.1835812938 1.000104492 3.710404319e-05
-0.1825228163 1.000134975 3.710404319e-05
-0.1814643389 1.00002213 3.710404319e-05
-0.1804058615 0.999892465 3.710404319e-05
-0.179347384 1.000023203 3.710404319e-05
-0.1782889066 1.000017112 3.710404319e-05
-0.1772304292 0.9998962475 3.710404319e-05
-0.1761719518 1.000113565 3.710404319e-05
-0.1751134743 1.00018537 3.710404319e-05
-0.1740549969 1.000027695 3.710404319e-05
-0.1729965195 0.9999579 3.710404319e-05
-0.171938042 1.000016145 3.710404319e-05
-0.1708795646 1.0000357 3.710404319e-05
-0.1698210872 1.000093867 3.710404319e-05
-0.1687626098 0.9998827275 3.710404319e-05
-0.1677041323 1.000049725 3.710404319e-05
-0.1666456549 1.000026247 3.710404319e-05
-0.1655871775 1.000115977 3.710404319e-05
-0.1645287001 0.9997756925 3.710404319e-05
-0.1634702226 1.000024787 3.710404319e-05
-0.1624117452 0.99987493 3.710404319e-05
-0.1613532678 0.9999704825 3.710404319e-05
-0.1602947903 0.9998032775 3.710404319e-05
-0.1592363129 0.999845285 3.710404319e-05
-0.1581778355 1.000021875 3.710404319e-05
-0.1571193581 0.9999111233 3.710404319e-05
-0.1560608806 0.9999071925 3.710404319e-05
-0.1550024032 0.9999091167 3.710404319e-05
-0.1539439258 1.000028225 3.710404319e-05
-0.1528854483 0.99999266 3.710404319e-05
-0.1518269709 1.000053347 3.710404319e-05
-0.1507684935 1.000120185 3.710404319e-05
-0.1497100161 1.000144575 3.710404319e-05
-0.1486515386 1.000046853 3.710404319e-05
-0.1475930612 0.9999316333 3.710404319e-05
-0.1465345838 0.9999860675 3.710404319e-05
-0.1454761063 1.00001434 3.710404319e-05
-0.1444176289 1.000136462 3.710404319e-05
-0.1433591515 0.99993816 3.710404319e-05
-0.1423006741 1.00005459 3.710404319e-05
-0.1412421966 0.9999975275 3.710404319e-05
-0.1401837192 1.000068915 3.710404319e-05
-0.1391252418 0.9999750125 3.710404319e-05
-0.1380667644 1.000066305 3.710404319e-05
-0.1370082869 0.9999877633 3.710404319e-05
-0.1359498095 1.000129665 3.710404319e-05
-0.1348913321 0.9999590375 3.710404319e-05
-0.1338328546 1.000235007 3.710404319e-05
-0.1327743772 1.00022473 3.710404319e-05
-0.1317158998 1.00003156 3.710404319e-05
-0.1306574224 1.000155877 3.710404319e-05
-0.1295989449 1.000047407 3.710404319e-05
-0.1285404675 1.000075973 3.710404319e-05
-0.1274819901 1.000075285 3.710404319e-05
-0.1264235126 0.9998484675 3.710404319e-05
-0.1253650352 1.0001157 3.710404319e-05
-0.1243065578 0.999908745 3.710404319e-05
-0.1232480804 1.00000255 3.710404319e-05
-0.1221896029 0.999993345 3.710404319e-05
-0.1211311255 1.000031715 3.710404319e-05
-0.1200726481 0.999950005 3.710404319e-05
-0.1190141706 0.99984834 3.710404319e-05
-0.1179556932 0.9999941775 3.710404319e-05
-0.1168972158 1.000181223 3.710404319e-05
-0.1158387384 1.000013 3.710404319e-05
-0.1147802609 0.99981175 3.710404319e-05
-0.1137217835 0.9998516325 3.710404319e-05
-0.1126633061 0.99983284 3.710404319e-05
-0.1116048287 0.9998655625 3.710404319e-05
-0.1105463512 0.9998679733 3.710404319e-05
-0.1094878738 1.000124615 3.710404319e-05
-0.1084293964 0.9999100633 3.710404319e-05
-0.1073709189 0.9998942567 3.710404319e-05
-0.1063124415 1.00000603 3.710404319e-05
-0.1052539641 1.000035108 3.710404319e-05
-0.1041954867 1.000060793 3.710404319e-05
-0.1031370092 0.9998966933 3.710404319e-05
-0.1020785318 1.00010493 3.710404319e-05
-0.1010200544 0.9999214525 3.710404319e-05
-0.09996157695 1.000052872 3.710404319e-05
-0.09890309952 0.99986973 3.710404319e-05
-0.09784462209 1.000093125 3.710404319e-05
-0.09678614466 0.9999459733 3.710404319e-05
-0.09572766723 1.000063692 3.710404319e-05
-0.09466918981 0.9999225675 3.710404319e-05
-0.09361071238 1.000034343 3.710404319e-05
-0.09255223495 1.00000774 3.710404319e-05
-0.09149375752 0.9999086725 3.710404319e-05
-0.09043528009 0.9999500675 3.710404319e-05
-0.08937680267 1.000038993 3.710404319e-05
-0.08831832524 1.00019675 3.710404319e-05
-0.08725984781 1.00011091 3.710404319e-05
-0.08620137038 0.99989392 3.710404319e-05
-0.08514289295 1.000002728 3.710404319e-05
-0.08408441553 1.00002845 3.710404319e-05
-0.0830259381 1.000106633 3.710404319e-05
-0.08196746067 1.000047767 3.710404319e-05
-0.08090898324 1.00004139 3.710404319e-05
-0.07985050582 1.000027535 3.710404319e-05
-0.07879202839 0.9999407975 3.710404319e-05
-0.07773355096 1.000080435 3.710404319e-05
-0.07667507353 1.000102052 3.710404319e-05
-0.0756165961 1.000030575 3.710404319e-05
-0.07455811868 0.99995602 3.710404319e-05
-0.07349964125 0.9999667175 3.710404319e-05
-0.07244116382 0.9999808475 3.710404319e-05
-0.07138268639 1.000273063 3.710404319e-05
-0.07032420896 0.999827175 3.710404319e-05
-0.06926573154 1.00009152 3.710404319e-05
-0.06820725411 1.000089777 3.710404319e-05
-0.06714877668 0.99989221 3.710404319e-05
-0.06609029925 0.9998982075 3.710404319e-05
-0.06503182182 1.000039017 3.710404319e-05
-0.0639733444 1.00007826 3.710404319e-05
-0.06291486697 1.00013628 3.710404319e-05
-0.06185638954 0.99983949 3.710404319e-05
-0.06079791211 0.9999257125 3.710404319e-05
-0.05973943468 1.000039957 3.710404319e-05
-0.05868095726 0.99998421 3.710404319e-05
-0.05762247983 1.00001083 3.710404319e-05
-0.0565640024 0.9998803 3.710404319e-05
-0.05550552497 1.00006982 3.710404319e-05
-0.05444704754 0.999926745 3.710404319e-05
-0.05338857012 1.000017228 3.710404319e-05
-0.05233009269 0.99994844 3.710404319e-05
-0.05127161526 0.999837495 3.710404319e-05
-0.05021313783 1.00007971 3.710404319e-05
-0.0491546604 0.9999728025 3.710404319e-05
-0.04809618298 0.9997991475 3.710404319e-05
-0.04703770555 0.99984729 3.710404319e-05
-0.04597922812 0.99992516 3.710404319e-05
-0.04492075069 0.99993481 3.710404319e-05
-0.04386227327 1.000134955 3.710404319e-05
-0.04280379584 1.000062288 3.710404319e-05
-0.04174531841 0.9999319767 3.710404319e-05
-0.04068684098 1.000036357 3.710404319e-05
-0.03962836355 0.9999471733 3.710404319e-05
-0.03856988613 0.999905575 3.710404319e-05
-0.0375114087 1.000074293 3.710404319e-05
-0.03645293127 1.000002215 3.710404319e-05
-0.03539445384 1.00004371 3.710404319e-05
-0.03433597641 0.99998871 3.710404319e-05
-0.03327749899 0.99996286 3.710404319e-05
-0.03221902156 1.00019882 3.710404319e-05
-0.03116054413 1.000021923 3.710404319e-05
-0.0301020667 1.000011638 3.710404319e-05
-0.02904358927 1.000099698 3.710404319e-05
-0.02798511185 1.000048655 3.710404319e-05
-0.02692663442 1.00003244 3.710404319e-05
-0.02586815699 1.000133573 3.710404319e-05
-0.02480967956 1.000312055 3.710404319e-05
-0.02375120213 1.00020665 3.710404319e-05
-0.02269272471 1.000149877 3.710404319e-05
-0.02163424728 0.9999581667 3.710404319e-05
-0.02057576985 1.000248855 3.710404319e-05
-0.01951729242 1.000141263 3.710404319e-05
-0.01845881499 1.000120993 3.710404319e-05
-0.01740033757 0.9999372875 3.710404319e-05
-0.01634186014 1.00011592 3.710404319e-05
-0.01528338271 1.000086272 3.710404319e-05
-0.01422490528 1.000033565 3.710404319e-05
-0.01316642785 1.000076748 3.710404319e-05
-0.01210795043 0.9999646525 3.710404319e-05
-0.011049473 1.00015502 3.710404319e-05
-0.009990995571 0.99996749 3.710404319e-05
-0.008932518143 0.9999135367 3.710404319e-05
-0.007874040715 1.000029467 3.710404319e-05
-0.006815563287 1.000103608 3.710404319e-05
-0.005757085859 1.00010381 3.710404319e-05
-0.004698608431 0.999767795 3.710404319e-05
-0.003640131003 0.99870987 3.710404319e-05
-0.002581653575 0.99842173 3.710404319e-05
-0.001523176147 0.9981512725 3.710404319e-05
-0.0004646987195 0.9982258175 3.710404319e-05
0.0005937787084 0.9979251233 3.710404319e-05
0.001652256136 0.9981845367 3.710404319e-05
0.002710733564 0.99843425 3.710404319e-05
0.003769210992 0.9990438067 3.710404319e-05
0.00482768842 0.99971913 3.710404319e-05
0.005886165848 1.000081173 3.710404319e-05
0.006944643276 0.9999999725 3.710404319e-05
0.008003120704 1.000068095 3.710404319e-05
0.009061598132 0.9999433425 3.710404319e-05
0.01012007556 1.000027825 3.710404319e-05
0.01117855299 1.000174235 3.710404319e-05
0.01223703042 1.0002084 3.710404319e-05
0.01329550784 1.00000532 3.710404319e-05
0.01435398527 0.99999731 3.710404319e-05
0.0154124627 0.9999913267 3.710404319e-05
0.01647094013 1.000344557 3.710404319e-05
0.01752941756 1.000049828 3.710404319e-05
0.01858789498 0.9997355067 3.710404319e-05
0.01964637241 0.9999624025 3.710404319e-05
0.02070484984 1.000106337 3.710404319e-05
0.02176332727 1.000163173 3.710404319e-05
0.0228218047 0.9999377733 3.710404319e-05
0.02388028212 0.9999242533 3.710404319e-05
0.02493875955 0.9999841333 3.710404319e-05
0.02599723698 1.0001267 3.710404319e-05
0.02705571441 0.9999385325 3.710404319e-05
0.02811419183 1.00007578 3.710404319e-05
0.02917266926 0.9998112875 3.710404319e-05
0.03023114669 0.9998963575 3.710404319e-05
0.03128962412 0.999955875 3.710404319e-05
0.03234810155 1.000154248 3.710404319e-05
0.03340657897 1.00000059 3.710404319e-05
0.0344650564 1.000016363 3.710404319e-05
0.03552353383 0.9999899575 3.710404319e-05
0.03658201126 0.99987635 3.710404319e-05
0.03764048869 0.99991758 3.710404319e-05
0.03869896611 1.000060303 3.710404319e-05
0.03975744354 0.9998253675 3.710404319e-05
0.04081592097 1.000073932 3.710404319e-05
0.0418743984 1.000038262 3.710404319e-05
0.04293287583 1.000147033 3.710404319e-05
0.04399135325 1.000312795 3.710404319e-05
0.04504983068 1.000033733 3.710404319e-05
0.04610830811 1.000231095 3.710404319e-05
0.04716678554 0.9999265967 3.710404319e-05
0.04822526297 1.000204803 3.710404319e-05
0.04928374039 1.00000687 3.710404319e-05
0.05034221782 1.000066355 3.710404319e-05
0.05140069525 0.9998962525 3.710404319e-05
0.05245917268 1.000088935 3.710404319e-05
0.05351765011 1.000065995 3.710404319e-05
0.05457612753 1.000056685 3.710404319e-05
0.05563460496 1.00007398 3.710404319e-05
0.05669308239 1.000076785 3.710404319e-05
0.05775155982 0.99986266 3.710404319e-05
0.05881003725 0.99966531 3.710404319e-05
0.05986851467 0.9999846425 3.710404319e-05
0.0609269921 0.99966252 3.710404319e-05
0.06198546953 1.000012595 3.710404319e-05
0.06304394696 0.9997689875 3.710404319e-05
0.06410242438 1.000086915 3.710404319e-05
0.06516090181 1.00003055 3.710404319e-05
0.06621937924 0.999946245 3.710404319e-05
0.06727785667 0.9998444375 3.710404319e-05
0.0683363341 0.999806605 3.710404319e-05
0.06939481152 0.9997570833 3.710404319e-05
0.07045328895 0.99999715 3.710404319e-05
0.07151176638 0.99997735 3.710404319e-05
0.07257024381 1.000151842 3.710404319e-05
0.07362872124 0.9999872 3.710404319e-05
0.07468719866 1.000099635 3.710404319e-05
0.07574567609 0.9999931875 3.710404319e-05
0.07680415352 0.999931925 3.710404319e-05
0.07786263095 1.000012867 3.710404319e-05
0.07892110838 0.9999933967 3.710404319e-05
0.0799795858 1.000012485 3.710404319e-05
0.08103806323 1.000063237 3.710404319e-05
0.08209654066 0.9999495767 3.710404319e-05
0.08315501809 1.000058902 3.710404319e-05
0.08421349552 1.000117415 3.710404319e-05
0.08527197294 1.00005561 3.710404319e-05
0.08633045037 1.000082835 3.710404319e-05
0.0873889278 1.000073133 3.710404319e-05
0.08844740523 1.0001055 3.710404319e-05
0.08950588266 0.99996317 3.710404319e-05
0.09056436008 0.9999351133 3.710404319e-05
0.09162283751 1.00002242 3.710404319e-05
0.09268131494 1.00004327 3.710404319e-05
0.09373979237 1.000066073 3.710404319e-05
0.0947982698 0.9998590125 3.710404319e-05
0.09585674722 0.9999699925 3.710404319e-05
0.09691522465 0.99988497 3.710404319e-05
0.09797370208 0.99998705 3.710404319e-05
0.09903217951 0.999948525 3.710404319e-05
0.1000906569 1.000030037 3.710404319e-05
0.1011491344 0.9998773733 3.710404319e-05
0.1022076118 1.00004396 3.710404319e-05
0.1032660892 0.9999091325 3.710404319e-05
0.1043245666 0.9999931675 3.710404319e-05
0.1053830441 1.000015877 3.710404319e-05
0.1064415215 1.00014913 3.710404319e-05
0.1074999989 1.000054323 3.710404319e-05
0.1085584764 1.000012733 3.710404319e-05
0.1096169538 1.000114553 3.710404319e-05
0.1106754312 0.9998622867 3.710404319e-05
0.1117339086 0.9999939267 3.710404319e-05
0.1127923861 0.9999030833 3.710404319e-05
0.1138508635 0.9999956733 3.710404319e-05
0.1149093409 1.00051305 3.710404319e-05
0.1159678184 0.99994508 3.710404319e-05
0.1170262958 1.000038413 3.710404319e-05
0.1180847732 1.000089842 3.710404319e-05
0.1191432506 1.000016165 3.710404319e-05
0.1202017281 0.9999914875 3.710404319e-05
0.1212602055 1.000077005 3.710404319e-05
0.1223186829 0.9999183275 3.710404319e-05
0.1233771603 0.9999001675 3.710404319e-05
0.1244356378 0.9999269475 3.710404319e-05
0.1254941152 0.999891765 3.710404319e-05
0.1265525926 1.00010579 3.710404319e-05
0.1276110701 0.9999690225 3.710404319e-05
0.1286695475 1.000020752 3.710404319e-05
0.1297280249 1.00006148 3.710404319e-05
0.1307865023 0.99992984 3.710404319e-05
0.1318449798 1.000018683 3.710404319e-05
0.1329034572 0.99986034 3.710404319e-05
0.1339619346 0.9999909567 3.710404319e-05
0.1350204121 0.999794085 3.710404319e-05
0.1360788895 0.99998297 3.710404319e-05
0.1371373669 1.000139453 3.710404319e-05
0.1381958443 1.000140525 3.710404319e-05
0.1392543218 1.000017575 3.710404319e-05
0.1403127992 1.000041795 3.710404319e-05
0.1413712766 0.999907265 3.710404319e-05
0.1424297541 1.000125172 3.710404319e-05
0.1434882315 0.99997738 3.710404319e-05
0.1445467089 1.000073283 3.710404319e-05
0.1456051863 1.00014989 3.710404319e-05
0.1466636638 1.000072153 3.710404319e-05
0.1477221412 1.00001279 3.710404319e-05
0.1487806186 1.00005124 3.710404319e-05
0.149839096 1.00007029 3.710404319e-05
0.1508975735 0.999955485 3.710404319e-05
0.1519560509 0.99996346 3.710404319e-05
0.1530145283 0.9999962025 3.710404319e-05
0.1540730058 0.99984639 3.710404319e-05
0.1551314832 0.9999904767 3.710404319e-05
0.1561899606 1.00006037 3.710404319e-05
0.157248438 1.000088467 3.710404319e-05
0.1583069155 0.9999953633 3.710404319e-05
0.1593653929 0.9997820067 3.710404319e-05
0.1604238703 0.99988292 3.710404319e-05
0.1614823478 0.9998150125 3.710404319e-05
0.1625408252 1.00009099 3.710404319e-05
0.1635993026 0.9997731975 3.710404319e-05
0.16465778 0.99988057 3.710404319e-05
0.1657162575 0.999999485 3.710404319e-05
0.1667747349 0.9999805225 3.710404319e-05
0.1678332123 0.9999877225 3.710404319e-05
0.1688916898 1.000164055 3.710404319e-05
0.1699501672 1.000083235 3.710404319e-05
0.1710086446 1.000122878 3.710404319e-05
0.172067122 0.999917675 3.710404319e-05
0.1731255995 1.000116798 3.710404319e-05
0.1741840769 1.000112233 3.710404319e-05
0.1752425543 1.000016537 3.710404319e-05
0.1763010317 0.9999840175 3.710404319e-05
0.1773595092 1.00020924 3.710404319e-05
0.1784179866 1.000189945 3.710404319e-05
0.179476464 0.9998622133 3.710404319e-05
0.1805349415 1.00012473 3.710404319e-05
0.1815934189 1.000064077 3.710404319e-05
0.1826518963 0.9998942025 3.710404319e-05
0.1837103737 1.000018325 3.710404319e-05
0.1847688512 1.000129935 3.710404319e-05
0.1858273286 0.9999614625 3.710404319e-05
0.186885806 0.9998434575 3.710404319e-05
0.1879442835 0.9998756525 3.710404319e-05
0.1890027609 0.9998879675 3.710404319e-05
0.1900612383 1.000065665 3.710404319e-05
0.1911197157 1.000202635 3.710404319e-05
0.1921781932 0.99994358 3.710404319e-05
0.1932366706 1.00012162 3.710404319e-05
0.194295148 0.99981769 3.710404319e-05
0.1953536254 1.0000055 3.710404319e-05
0.1964121029 0.9999752833 3.710404319e-05
0.1974705803 0.99987538 3.710404319e-05
0.1985290577 0.99974037 3.710404319e-05
0.1995875352 0.9999568275 3.710404319e-05
0.2006460126 0.9998324033 3.710404319e-05
0.20170449 0.999911725 3.710404319e-05
0.2027629674 1.000031843 3.710404319e-05
0.2038214449 0.9999340833 3.710404319e-05
0.2048799223 0.9999463075 3.710404319e-05
0.2059383997 0.99993748 3.710404319e-05
0.2069968772 1.00015375 3.710404319e-05
0.2080553546 0.99999768 3.710404319e-05
0.209113832 1.00014532 3.710404319e-05
0.2101723094 0.999926245 3.710404319e-05
0.2112307869 1.000022552 3.710404319e-05
0.2122892643 1.000020245 3.710404319e-05
0.2133477417 1.000106863 3.710404319e-05
0.2144062192 1.000194733 3.710404319e-05
0.2154646966 0.9999881725 3.710404319e-05
0.216523174 1.000011517 3.710404319e-05
0.2175816514 1.000129497 3.710404319e-05
0.2186401289 0.9999943225 3.710404319e-05
0.2196986063 1.000018005 3.710404319e-05
0.2207570837 0.9998971125 3.710404319e-05
0.2218155611 1.000095142 3.710404319e-05
0.2228740386 1.00000405 3.710404319e-05
0.223932516 1.00002863 3.710404319e-05
0.2249909934 1.000200105 3.710404319e-05
0.2260494709 1.0000734 3.710404319e-05
0.2271079483 1.000037248 3.710404319e-05
0.2281664257 1.000003847 3.710404319e-05
0.2292249031 0.9998851325 3.710404319e-05
0.2302833806 0.99983058 3.710404319e-05
0.231341858 1.00005382 3.710404319e-05
0.2324003354 0.9999427067 3.710404319e-05
0.2334588129 0.99992122 3.710404319e-05
0.2345172903 1.000002095 3.710404319e-05
0.2355757677 1.000152877 3.710404319e-05
0.2366342451 0.99972924 3.710404319e-05
0.2376927226 1.00020803 3.710404319e-05
0.2387512 0.9999486225 3.710404319e-05
0.2398096774 0.99989348 3.710404319e-05
0.2408681549 1.000050205 3.710404319e-05
0.2419266323 0.9999456725 3.710404319e-05
0.2429851097 0.9999399025 3.710404319e-05
0.2440435871 0.99983512 3.710404319e-05
0.2451020646 0.9999575825 3.710404319e-05
0.246160542 1.00014066 3.710404319e-05
0.2472190194 1.00019752 3.710404319e-05
0.2482774968 0.9998393833 3.710404319e-05
0.2493359743 1.000118948 3.710404319e-05
0.2503944517 1.000001343 3.710404319e-05
0.2514529291 1.00006503 3.710404319e-05
0.2525114066 1.00002657 3.710404319e-05
0.253569884 1.000041702 3.710404319e-05
0.2546283614 0.9999896625 3.710404319e-05
0.2556868388 0.99994415 3.710404319e-05
0.2567453163 0.9998880925 3.710404319e-05
0.2578037937 0.9999833 3.710404319e-05
0.2588622711 1.00000131 3.710404319e-05
0.2599207486 1.000088735 3.710404319e-05
0.260979226 0.999924515 3.710404319e-05
0.2620377034 1.000000033 3.710404319e-05
0.2630961808 0.999967805 3.710404319e-05
0.2641546583 1.00009893 3.710404319e-05
0.2652131357 1.000070632 3.710404319e-05
0.2662716131 0.999989095 3.710404319e-05
0.2673300905 1.00008995 3.710404319e-05
0.268388568 1.00002419 3.710404319e-05
0.2694470454 1.000072965 3.710404319e-05
0.2705055228 1.00006033 3.710404319e-05
0.2715640003 1.0000012 3.710404319e-05
0.2726224777 0.999985466 3.710404319e-05
0.2736809551 1.00003696 3.710404319e-05
0.2747394325 1.000112988 3.710404319e-05
0.27579791 0.9999955775 3.710404319e-05
0.2768563874 0.9999643275 3.710404319e-05
0.2779148648 1.000090467 3.710404319e-05
0.2789733423 0.99997115 3.710404319e-05
0.2800318197 1.000044922 3.710404319e-05
0.2810902971 1.000094143 3.710404319e-05
0.2821487745 1.000025657 3.710404319e-05
0.283207252 0.99999047 3.710404319e-05
0.2842657294 0.99985378 3.710404319e-05
0.2853242068 0.9999412225 3.710404319e-05
0.2863826843 0.9999249333 3.710404319e-05
0.2874411617 0.9999931067 3.710404319e-05
0.2884996391 1.000092253 3.710404319e-05
0.2895581165 0.9999940167 3.710404319e-05
0.290616594 0.99992164 3.710404319e-05
0.2916750714 0.99997597 3.710404319e-05
0.2927335488 0.99976321 3.710404319e-05
0.2937920262 1.000152165 3.710404319e-05
0.2948505037 0.9999673233 3.710404319e-05
0.2959089811 1.000065222 3.710404319e-05
0.2969674585 0.99973354 3.710404319e-05
0.298025936 1.00009408 3.710404319e-05
0.2990844134 1.000042813 3.710404319e-05
0.3001428908 0.9999501967 3.710404319e-05
0.3012013682 0.99993093 3.710404319e-05
0.3022598457 1.00011112 3.710404319e-05
0.3033183231 0.99987623 3.710404319e-05
0.3043768005 0.99995184 3.710404319e-05
0.305435278 0.9999147675 3.710404319e-05
0.3064937554 0.9999764 3.710404319e-05
0.3075522328 1.000070935 3.710404319e-05
0.3086107102 1.000085305 3.710404319e-05
0.3096691877 1.000056877 3.710404319e-05
0.3107276651 1.000180735 3.710404319e-05
0.3117861425 1.000189953 3.710404319e-05
0.31284462 1.00001333 3.710404319e-05
0.3139030974 0.999799785 3.710404319e-05
0.3149615748 0.99992921 3.710404319e-05
0.3160200522 1.000070527 3.710404319e-05
0.3170785297 1.000130818 3.710404319e-05
0.3181370071 0.9999936375 3.710404319e-05
0.3191954845 1.00001776 3.710404319e-05
0.3202539619 1.00014944 3.710404319e-05
0.3213124394 1.000106648 3.710404319e-05
0.3223709168 1.000019833 3.710404319e-05
0.3234293942 1.000133378 3.710404319e-05
0.3244878717 1.000011993 3.710404319e-05
0.3255463491 0.9999313933 3.710404319e-05
0.3266048265 1.000036555 3.710404319e-05
0.3276633039 1.00007306 3.710404319e-05
0.3287217814 1.000023387 3.710404319e-05
0.3297802588 0.9999108725 3.710404319e-05
0.3308387362 1.000030145 3.710404319e-05
0.3318972137 1.000029665 3.710404319e-05
0.3329556911 0.99994202 3.710404319e-05
0.3340141685 1.00007571 3.710404319e-05
0.3350726459 0.99976403 3.710404319e-05
0.3361311234 0.999996485 3.710404319e-05
0.3371896008 0.99997857 3.710404319e-05
0.3382480782 1.000066855 3.710404319e-05
0.3393065557 0.9997983925 3.710404319e-05
0.3403650331 0.9999504175 3.710404319e-05
0.3414235105 1.000018923 3.710404319e-05
0.3424819879 1.00002158 3.710404319e-05
0.3435404654 0.99977495 3.710404319e-05
0.3445989428 1.000025367 3.710404319e-05
0.3456574202 0.9999761267 3.710404319e-05
0.3467158976 0.9999352733 3.710404319e-05
0.3477743751 1.00010959 3.710404319e-05
0.3488328525 0.9998995375 3.710404319e-05
0.3498913299 0.9999123275 3.710404319e-05
0.3509498074 1.000009912 3.710404319e-05
0.3520082848 0.9999234875 3.710404319e-05
0.3530667622 0.9999929775 3.710404319e-05
0.3541252396 0.999953665 3.710404319e-05
0.3551837171 0.9999349067 3.710404319e-05
0.3562421945 1.00016063 3.710404319e-05
0.3573006719 0.9999445675 3.710404319e-05
0.3583591494 0.99998888 3.710404319e-05
0.3594176268 1.00009295 3.710404319e-05
0.3604761042 0.99988796 3.710404319e-05
0.3615345816 1.00009096 3.710404319e-05
0.3625930591 1.000188963 3.710404319e-05
0.3636515365 0.999899765 3.710404319e-05
0.3647100139 1.000078497 3.710404319e-05
0.3657684913 1.000066987 3.710404319e-05
0.3668269688 1.000042007 3.710404319e-05
0.3678854462 1.000012705 3.710404319e-05
0.3689439236 1.000163275 3.710404319e-05
0.3700024011 0.99994596 3.710404319e-05
0.3710608785 0.9999453175 3.710404319e-05
0.3721193559 0.9999312975 3.710404319e-05
0.3731778333 0.9999006125 3.710404319e-05
0.3742363108 1.000004057 3.710404319e-05
0.3752947882 0.99995696 3.710404319e-05
0.3763532656 0.999984795 3.710404319e-05
0.3774117431 1.000155937 3.710404319e-05
0.3784702205 1.000002293 3.710404319e-05
0.3795286979 1.000110665 3.710404319e-05
0.3805871753 1.000098323 3.710404319e-05
0.3816456528 0.9998812267 3.710404319e-05
0.3827041302 1.000044528 3.710404319e-05
0.3837626076 1.000050513 3.710404319e-05
0.3848210851 1.000190933 3.710404319e-05
0.3858795625 0.999902615 3.710404319e-05
0.3869380399 1.000006762 3.710404319e-05
0.3879965173 0.9998757125 3.710404319e-05
0.3890549948 1.000126628 3.710404319e-05
0.3901134722 1.00014473 3.710404319e-05
0.3911719496 1.00002342 3.710404319e-05
0.392230427 0.999992065 3.710404319e-05
0.3932889045 0.999816435 3.710404319e-05
0.3943473819 1.00000908 3.710404319e-05
0.3954058593 1.000058157 3.710404319e-05
0.3964643368 0.99992286 3.710404319e-05
0.3975228142 0.999987025 3.710404319e-05
0.3985812916 1.00003915 3.710404319e-05
0.399639769 0.99996627 3.710404319e-05
0.4006982465 0.999960985 3.710404319e-05
0.4017567239 1.000081867 3.710404319e-05
0.4028152013 1.00012128 3.710404319e-05
0.4038736788 0.9998569 3.710404319e-05
0.4049321562 0.99987782 3.710404319e-05
0.4059906336 0.9996993167 3.710404319e-05
0.407049111 0.9999578325 3.710404319e-05
0.4081075885 1.00003515 3.710404319e-05
0.4091660659 0.999975085 3.710404319e-05
0.4102245433 0.999853785 3.710404319e-05
0.4112830208 1.00000485 3.710404319e-05
0.4123414982 1.000019035 3.710404319e-05
0.4133999756 1.000053247 3.710404319e-05
0.414458453 1.000034382 3.710404319e-05
0.4155169305 0.99988739 3.710404319e-05
0.4165754079 0.99999866 3.710404319e-05
0.4176338853 1.00013851 3.710404319e-05
0.4186923627 1.00004575 3.710404319e-05
0.4197508402 0.9999774125 3.710404319e-05
0.4208093176 1.000049842 3.710404319e-05
0.421867795 0.9998889033 3.710404319e-05
0.4229262725 1.00000855 3.710404319e-05
0.4239847499 1.0000678 3.710404319e-05
0.4250432273 1.000088977 3.710404319e-05
0.4261017047 1.000055903 3.710404319e-05
0.4271601822 1.00001557 3.710404319e-05
0.4282186596 0.9999964733 3.710404319e-05
0.429277137 1.000007665 3.710404319e-05
0.4303356145 1.000031555 3.710404319e-05
0.4313940919 1.000227947 3.710404319e-05
0.4324525693 1.00006333 3.710404319e-05
0.4335110467 1.000100463 3.710404319e-05
0.4345695242 0.999971355 3.710404319e-05
0.4356280016 0.9999264333 3.710404319e-05
0.436686479 0.9999465625 3.710404319e-05
0.4377449564 0.9999004 3.710404319e-05
0.4388034339 1.000098637 3.710404319e-05
0.4398619113 0.9999389975 3.710404319e-05
0.4409203887 1.000089337 3.710404319e-05
0.4419788662 1.000227968 3.710404319e-05
0.4430373436 0.9999888967 3.710404319e-05
0.444095821 1.000029797 3.710404319e-05
0.4451542984 0.9999378133 3.710404319e-05
0.4462127759 0.9998162833 3.710404319e-05
0.4472712533 0.99999429 3.710404319e-05
0.4483297307 1.000079497 3.710404319e-05
0.4493882082 1.00007989 3.710404319e-05
0.4504466856 0.99987467 3.710404319e-05
0.451505163 0.999967325 3.710404319e-05
0.4525636404 0.9999613267 3.710404319e-05
0.4536221179 1.000003263 3.710404319e-05
0.4546805953 0.9999840025 3.710404319e-05
0.4557390727 0.9999951767 3.710404319e-05
0.4567975502 0.99991916 3.710404319e-05
0.4578560276 1.00007128 3.710404319e-05
0.458914505 0.99986342 3.710404319e-05
0.4599729824 1.000235123 3.710404319e-05
0.4610314599 0.9999706267 3.710404319e-05
0.4620899373 1.000047528 3.710404319e-05
0.4631484147 1.00007581 3.710404319e-05
0.4642068921 1.000098968 3.710404319e-05
0.4652653696 1.000043677 3.710404319e-05
0.466323847 1.000074055 3.710404319e-05
0.4673823244 0.999788125 3.710404319e-05
0.4684408019 0.99999294 3.710404319e-05
0.4694992793 1.000024185 3.710404319e-05
0.4705577567 0.9997332433 3.710404319e-05
0.4716162341 0.99992492 3.710404319e-05
0.4726747116 0.9997964767 3.710404319e-05
0.473733189 0.99983138 3.710404319e-05
0.4747916664 1.000090257 3.710404319e-05
0.4758501439 1.000279797 3.710404319e-05
0.4769086213 0.9998422825 3.710404319e-05
0.4779670987 0.99999757 3.710404319e-05
0.4790255761 1.000082295 3.710404319e-05
0.4800840536 0.9999970067 3.710404319e-05
0.481142531 0.99998275 3.710404319e-05
0.4822010084 0.9999136933 3.710404319e-05
0.4832594859 0.9999932167 3.710404319e-05
0.4843179633 0.9999658425 3.710404319e-05
0.4853764407 0.99991981 3.710404319e-05
0.4864349181 1.00003131 3.710404319e-05
0.4874933956 1.000182647 3.710404319e-05
0.488551873 1.000092913 3.710404319e-05
0.4896103504 1.000062627 3.710404319e-05
0.4906688278 1.000205677 3.710404319e-05
0.4917273053 0.9999104067 3.710404319e-05
0.4927857827 1.000100627 3.710404319e-05
0.4938442601 0.99998533 3.710404319e-05
0.4949027376 0.99998378 3.710404319e-05
0.495961215 0.9999846 3.710404319e-05
0.4970196924 1.000045682 3.710404319e-05
0.4980781698 1.000020415 3.710404319e-05
0.4991366473 1.000087995 3.710404319e-05
0.5001951247 0.999972855 3.710404319e-05
0.5012536021 0.999808545 3.710404319e-05
0.5023120796 0.99988318 3.710404319e-05
0.503370557 0.999965235 3.710404319e-05
0.5044290344 1.000101905 3.710404319e-05
0.5054875118 0.999997175 3.710404319e-05
0.5065459893 1.000259963 3.710404319e-05
0.5076044667 0.9997745425 3.710404319e-05
0.5086629441 0.9999587675 3.710404319e-05
0.5097214215 0.9999761933 3.710404319e-05
0.510779899 0.999981645 3.710404319e-05
0.5118383764 0.99997149 3.710404319e-05
0.5128968538 1.0000265 3.710404319e-05
0.5139553313 0.99985905 3.710404319e-05
0.5150138087 1.000085957 3.710404319e-05
0.5160722861 1.000054498 3.710404319e-05
0.5171307635 1.00010721 3.710404319e-05
0.518189241 0.999957375 3.710404319e-05
0.5192477184 1.000003873 3.710404319e-05
0.5203061958 1.000074367 3.710404319e-05
0.5213646733 1.000074607 3.710404319e-05
0.5224231507 1.000013645 3.710404319e-05
0.5234816281 0.999864125 3.710404319e-05
0.5245401055 1.000079197 3.710404319e-05
0.525598583 1.000013938 3.710404319e-05
0.5266570604 0.9997691775 3.710404319e-05
0.5277155378 1.000115703 3.710404319e-05
0.5287740153 0.9999717575 3.710404319e-05
0.5298324927 1.000032642 3.710404319e-05
0.5308909701 1.0000003 3.710404319e-05
0.5319494475 0.9999239175 3.710404319e-05
0.533007925 0.9999546 3.710404319e-05
0.5340664024 0.99993497 3.710404319e-05
0.5351248798 0.9998683 3.710404319e-05
0.5361833572 1.000007055 3.710404319e-05
0.5372418347 1.00005854 3.710404319e-05
0.5383003121 1.000130515 3.710404319e-05
0.5393587895 0.999953705 3.710404319e-05
0.540417267 0.9999964625 3.710404319e-05
0.5414757444 1.000253768 3.710404319e-05
0.5425342218 0.9999335275 3.710404319e-05
0.5435926992 1.000105083 3.710404319e-05
0.5446511767 1.000017735 3.710404319e-05
0.5457096541 1.000105718 3.710404319e-05
0.5467681315 0.9999341733 3.710404319e-05
0.547826609 0.9999320533 3.710404319e-05
0.5488850864 0.999973975 3.710404319e-05
0.5499435638 0.9999855575 3.710404319e-05
0.5510020412 0.9999819475 3.710404319e-05
0.5520605187 1.00000783 3.710404319e-05
0.5531189961 0.9998176825 3.710404319e-05
0.5541774735 0.9999870575 3.710404319e-05
0.555235951 0.99983273 3.710404319e-05
0.5562944284 0.9999206767 3.710404319e-05
0.5573529058 0.999948185 3.710404319e-05
0.5584113832 0.999881085 3.710404319e-05
0.5594698607 1.0000958 3.710404319e-05
0.5605283381 1.00004118 3.710404319e-05
0.5615868155 1.00004722 3.710404319e-05
0.5626452929 1.000019033 3.710404319e-05
0.5637037704 1.000152217 3.710404319e-05
0.5647622478 0.9999772125 3.710404319e-05
0.5658207252 0.9999328825 3.710404319e-05
0.5668792027 1.0000638 3.710404319e-05
0.5679376801 1.000080338 3.710404319e-05
0.5689961575 0.9999325775 3.710404319e-05
0.5700546349 1.000097477 3.710404319e-05
0.5711131124 0.9999332325 3.710404319e-05
0.5721715898 0.99989149 3.710404319e-05
0.5732300672 0.9998965225 3.710404319e-05
0.5742885447 1.000178937 3.710404319e-05
0.5753470221 0.9999893 3.710404319e-05
0.5764054995 0.9998690925 3.710404319e-05
0.5774639769 1.00005431 3.710404319e-05
0.5785224544 1.000036253 3.710404319e-05
0.5795809318 0.99994005 3.710404319e-05
0.5806394092 0.99989088 3.710404319e-05
0.5816978866 1.00028206 3.710404319e-05
0.5827563641 0.99987195 3.710404319e-05
0.5838148415 1.000090722 3.710404319e-05
0.5848733189 1.000005773 3.710404319e-05
0.5859317964 1.000132634 3.710404319e-05
0.5869902738 0.9999972775 3.710404319e-05
0.5880487512 0.99980232 3.710404319e-05
0.5891072286 0.999894175 3.710404319e-05
0.5901657061 0.9999514367 3.710404319e-05
0.5912241835 0.999886402 3.710404319e-05
0.5922826609 1.000075147 3.710404319e-05
0.5933411384 0.99985615 3.710404319e-05
0.5943996158 0.9999757025 3.710404319e-05
0.5954580932 0.99994518 3.710404319e-05
0.5965165706 0.9998734425 3.710404319e-05
0.5975750481 0.99990895 3.710404319e-05
0.5986335255 1.000280715 3.710404319e-05
0.5996920029 0.999826095 3.710404319e-05
0.6007504804 1.000281805 3.710404319e-05
0.6018089578 0.99999434 3.710404319e-05
0.6028674352 0.99973195 3.710404319e-05
0.6039259126 0.9999196467 3.710404319e-05
0.6049843901 1.000045617 3.710404319e-05
0.6060428675 0.9999802867 3.710404319e-05
0.6071013449 0.9999694 3.710404319e-05
0.6081598223 0.99995082 3.710404319e-05
0.6092182998 1.00013589 3.710404319e-05
0.6102767772 0.99993059 3.710404319e-05
0.6113352546 1.000032945 3.710404319e-05
0.6123937321 1.00012957 3.710404319e-05
0.6134522095 0.9999131467 3.710404319e-05
0.6145106869 1.00009782 3.710404319e-05
0.6155691643 0.9997744 3.710404319e-05
0.6166276418 0.9999496375 3.710404319e-05
0.6176861192 0.9999945875 3.710404319e-05
0.6187445966 1.000267487 3.710404319e-05
0.6198030741 1.000131177 3.710404319e-05
0.6208615515 0.99985217 3.710404319e-05
0.6219200289 1.00005341 3.710404319e-05
0.6229785063 1.00004422 3.710404319e-05
0.6240369838 0.9997475333 3.710404319e-05
0.6261539386 1.000088513 3.710404319e-05
0.6272124161 1.000079605 3.710404319e-05
0.6282708935 1.000053638 3.710404319e-05
0.6293293709 0.99996177 3.710404319e-05
0.6303878483 0.999980646 3.710404319e-05
0.6314463258 0.999984455 3.710404319e-05
0.6325048032 1.000039842 3.710404319e-05
0.6335632806 1.000128948 3.710404319e-05
0.634621758 0.999942315 3.710404319e-05
0.6356802355 1.000174814 3.710404319e-05
0.6367387129 0.999979495 3.710404319e-05
0.6377971903 1.000052228 3.710404319e-05
0.6388556678 1.000156688 3.710404319e-05
0.6399141452 1.000112983 3.710404319e-05
0.6409726226 0.9999784575 3.710404319e-05
0.6420311 1.00000644 3.710404319e-05
0.6430895775 0.99997079 3.710404319e-05
0.6441480549 0.9996963367 3.710404319e-05
0.6452065323 0.99994452 3.710404319e-05
0.6462650098 0.9999116125 3.710404319e-05
0.6473234872 1.00002419 3.710404319e-05
0.6483819646 0.99991311 3.710404319e-05
0.649440442 1.00008512 3.710404319e-05
0.6504989195 1.00005919 3.710404319e-05
0.6515573969 1.000045125 3.710404319e-05
0.6526158743 0.999893948 3.710404319e-05
0.6536743517 0.999922674 3.710404319e-05
0.6547328292 1.000175487 3.710404319e-05
0.6557913066 0.99983215 3.710404319e-05
0.656849784 0.9999485875 3.710404319e-05
0.6579082615 0.999964474 3.710404319e-05
0.6589667389 0.9999332575 3.710404319e-05
0.6600252163 1.000070812 3.710404319e-05
0.6610836937 1.000154186 3.710404319e-05
0.6621421712 0.999882835 3.710404319e-05
0.6632006486 1.000015872 3.710404319e-05
0.664259126 0.9998727367 3.710404319e-05
0.6653176035 1.000014208 3.710404319e-05
0.6663760809 1.000006935 3.710404319e-05
0.6674345583 0.999988182 3.710404319e-05
0.6684930357 1.000090112 3.710404319e-05
0.6695515132 1.000010657 3.710404319e-05
0.6706099906 1.000074117 3.710404319e-05
0.671668468 0.9999604975 3.710404319e-05
0.6727269455 1.000052608 3.710404319e-05
0.6737854229 1.000058793 3.710404319e-05
0.6748439003 0.999953616 3.710404319e-05
0.6759023777 0.999979092 3.710404319e-05
0.6769608552 0.9999262975 3.710404319e-05
0.6780193326 1.000199278 3.710404319e-05
0.67907781 1.000009825 3.710404319e-05
0.6801362874 0.999896714 3.710404319e-05
0.6811947649 1.00008015 3.710404319e-05
0.6822532423 1.000004684 3.710404319e-05
0.6833117197 1.000135854 3.710404319e-05
0.6843701972 1.00002716 3.710404319e-05
0.6854286746 1.000049222 3.710404319e-05
0.686487152 1.00001971 3.710404319e-05
0.6875456294 1.000109297 3.710404319e-05
0.6886041069 0.99983064 3.710404319e-05
0.6896625843 0.99997686 3.710404319e-05
0.6907210617 0.999964275 3.710404319e-05
0.6917795392 1.00018913 3.710404319e-05
0.6928380166 1.000025843 3.710404319e-05
0.693896494 1.000089117 3.710404319e-05
0.6949549714 0.999936602 3.710404319e-05
0.6960134489 1.000028437 3.710404319e-05
0.6970719263 0.999896864 3.710404319e-05
0.6981304037 1.000039426 3.710404319e-05
0.6991888812 1.00011548 3.710404319e-05
0.7002473586 1.000047226 3.710404319e-05
0.701305836 0.9998704875 3.710404319e-05
0.7023643134 1.000120518 3.710404319e-05
0.7034227909 0.9999280075 3.710404319e-05
0.7044812683 1.000161664 3.710404319e-05
0.7055397457 0.999990662 3.710404319e-05
0.7065982231 0.9998049175 3.710404319e-05
0.7076567006 0.99995181 3.710404319e-05
0.708715178 1.000014955 3.710404319e-05
0.7097736554 0.999981304 3.710404319e-05
0.7108321329 1.00006301 3.710404319e-05
0.7118906103 1.000147206 3.710404319e-05
0.7129490877 0.999935804 3.710404319e-05
0.7140075651 1.00006693 3.710404319e-05
0.7150660426 0.9999319275 3.710404319e-05
0.71612452 0.999879565 3.710404319e-05
0.7171829974 1.000019046 3.710404319e-05
0.7182414749 0.9999699075 3.710404319e-05
0.7192999523 0.999992896 3.710404319e-05
0.7203584297 1.00009495 3.710404319e-05
0.7214169071 1.000053695 3.710404319e-05
0.7224753846 0.99999046 3.710404319e-05
0.723533862 1.000109167 3.710404319e-05
0.7245923394 0.99999735 3.710404319e-05
0.7256508168 1.000165273 3.710404319e-05
0.7267092943 1.000041062 3.710404319e-05
0.7277677717 1.00002249 3.710404319e-05
0.7288262491 1.00003152 3.710404319e-05
0.7298847266 0.99997126 3.710404319e-05
0.730943204 1.000073518 3.710404319e-05
0.7320016814 1.000167265 3.710404319e-05
0.7330601588 1.00015088 3.710404319e-05
0.7341186363 0.99990387 3.710404319e-05
0.7351771137 1.000012888 3.710404319e-05
0.7362355911 0.99983946 3.710404319e-05
0.7372940686 0.9997704225 3.710404319e-05
0.738352546 0.9996554425 3.710404319e-05
0.7394110234 0.9998944433 3.710404319e-05
0.7404695008 1.000032462 3.710404319e-05
0.7415279783 1.00001904 3.710404319e-05
0.7425864557 0.999994715 3.710404319e-05
0.7436449331 1.000053344 3.710404319e-05
0.7447034106 0.999908354 3.710404319e-05
0.745761888 1.00005478 3.710404319e-05
0.7468203654 1.000081032 3.710404319e-05
0.7478788428 0.99991227 3.710404319e-05
0.7489373203 0.9999802883 3.710404319e-05
0.7499957977 1.00042114 3.710404319e-05
