-0.2494674101 1.00014312
-0.2492093122 1.00012799
-0.2489397851 0.99994432
-0.2486869093 1.00005759
-0.2476140775 1.00017419
-0.2473559842 1.00009892
-0.2470864634 0.99995081
-0.2468335676 1.00000664
-0.2457607268 1.00010777
-0.2455026643 0.99982171
-0.2452331335 1.00000858
-0.2439073851 0.99988801
-0.2436493544 0.99976245
-0.2433798209 0.99990865
-0.2431268680 1.00014341
-0.2420540435 1.00016782
-0.2415265001 1.00030793
-0.2412735182 1.00023188
-0.2402007009 0.99998148
-0.2399427074 1.00002283
-0.2396731693 0.99983508
-0.2394201593 1.00037619
-0.2383473593 0.99993184
-0.2380893974 0.99980759
-0.2378198576 1.00028387
-0.2375668094 1.00016588
-0.2364940176 1.00024308
-0.2362360694 1.00023214
-0.2359665268 0.99983302
-0.2357134687 0.99998563
-0.2346406759 0.99991083
-0.2343827504 0.99954886
-0.2341132060 0.99981850
-0.2338601098 0.99978109
-0.2327873334 1.00019535
-0.2325294405 0.99999626
-0.2322598843 1.00033072
-0.2320067600 0.99976710
-0.2309339827 1.00000927
-0.2306761124 0.99997753
-0.2304065635 1.00042541
-0.2301534192 0.99999364
-0.2290806410 0.99997711
-0.2288227926 0.99985109
-0.2285532418 0.99990288
-0.2283000603 0.99972444
-0.2272273075 0.99995139
-0.2269694736 1.00011774
-0.2266999210 1.00001009
-0.2264467105 0.99965546
-0.2253739568 0.99996330
-0.2251161546 1.00010363
-0.2248466002 0.99989705
-0.2245933698 1.00013366
-0.2235206142 1.00006754
-0.2232628356 0.99992411
-0.2229932785 1.00047328
-0.2216672816 0.99990148
-0.2214095166 1.00005219
-0.2211399577 1.00009879
-0.2208866620 0.99988238
-0.2198139300 1.00014031
-0.2192866369 0.99997743
-0.2190333212 1.00009535
-0.2177028778 0.99983361
-0.2174333152 1.00004376
-0.2171799632 1.00003663
-0.2161072548 1.00009550
-0.2158495588 1.00003074
-0.2155799944 0.99976967
-0.2153266134 0.99978182
-0.2142539032 0.99992492
-0.2139962398 1.00001368
-0.2137266736 1.00035340
-0.2134732736 1.00001310
-0.2124005615 1.00033220
-0.2121429199 1.00009378
-0.2118733528 0.99992816
-0.2116199147 1.00003496
-0.2105472099 1.00009003
-0.2102895919 1.00003613
-0.2100200311 1.00027409
-0.2097665657 1.00001732
-0.2086938764 1.00008566
-0.2084362820 1.00005780
-0.2081667104 0.99989577
-0.2079132159 0.99984465
-0.2068405338 1.00012058
-0.2065829539 0.99976337
-0.2063133896 0.99993965
-0.2060598670 0.99993035
-0.2049871822 1.00006538
-0.2047296340 1.00007241
-0.2044600778 0.99978227
-0.2042065181 1.00000463
-0.2031338496 1.00007368
-0.2028763241 0.99985610
-0.2026067471 0.99999822
-0.2023531692 1.00004210
-0.2012805161 0.99990659
-0.2010229961 0.99991760
-0.2007534263 1.00042038
-0.1991696762 0.99994731
-0.1989001055 1.00002045
-0.1986464704 1.00007372
-0.1970467847 1.00009563
-0.1967931215 0.99984300
-0.1954630373 1.00008374
-0.1951934639 1.00004167
-0.1949397635 0.99997690
-0.1936097183 0.99998888
-0.1933401340 0.99983354
-0.1930864237 0.99994836
-0.1917564084 1.00000811
-0.1914868223 1.00045282
-0.1912330748 1.00015289
-0.1899030794 1.00013501
-0.1896335015 0.99985988
-0.1893797168 1.00027892
-0.1880497605 0.99988719
-0.1877801716 1.00003281
-0.1875263770 0.99993830
-0.1861964315 0.99995640
-0.1859268590 0.99985310
-0.1856730280 1.00044355
-0.1843431216 1.00013545
-0.1840735382 0.99992715
-0.1838196701 1.00004461
-0.1824898017 1.00010096
-0.1822202083 1.00006197
-0.1819663302 1.00013397
-0.1806364737 0.99961418
-0.1803668875 0.99990836
-0.1801129731 0.99989520
-0.1787831637 1.00006326
-0.1785135758 0.99998596
-0.1782596333 0.99980367
-0.1769298439 0.99998857
-0.1764062844 1.00011063
-0.1748069261 1.00013932
-0.1745529273 0.99996088
-0.1729536143 0.99997377
-0.1726995875 0.99991348
-0.1713698860 1.00001101
-0.1711002845 1.00000402
-0.1708462394 1.00009654
-0.1695165571 1.00002989
-0.1692469637 1.00011271
-0.1689928815 0.99971199
-0.1676632372 0.99971962
-0.1673936520 0.99998177
-0.1671395425 1.00001110
-0.1658099182 1.00008920
-0.1655403221 1.00021307
-0.1652861936 0.99990536
-0.1639565983 1.00001356
-0.1636870013 0.99992448
-0.1634328365 1.00005196
-0.1621032884 0.99996442
-0.1618336896 0.99993995
-0.1615794876 0.99995131
-0.1602499594 1.00005299
-0.1599803597 0.99998338
-0.1597261487 0.99995187
-0.1583966395 0.99989334
-0.1581270398 1.00017353
-0.1578727916 1.00006305
-0.1565433296 0.99967398
-0.1562737190 1.00020140
-0.1560194436 0.99995182
-0.1546900007 0.99987766
-0.1544203982 0.99994137
-0.1541661037 1.00011508
-0.1525670774 0.99996478
-0.1523127467 0.99994584
-0.1509833709 1.00003124
-0.1507137566 1.00020855
-0.1504593987 1.00022379
-0.1488604367 1.00005712
-0.1486060597 1.00009458
-0.1470071160 0.99989910
-0.1467527026 0.99991411
-0.1451537952 1.00035940
-0.1448993546 0.99998256
-0.1435700832 0.99978538
-0.1433004753 1.00005483
-0.1430460157 0.99992358
-0.1417167633 1.00017977
-0.1414471545 0.99970144
-0.1411926586 1.00007147
-0.1398634352 1.00003437
-0.1395938337 0.99994655
-0.1393393115 0.99981135
-0.1380101244 1.00014160
-0.1377405129 1.00006694
-0.1374859726 0.99975089
-0.1361568045 1.00028908
-0.1358871930 1.00028961
-0.1356326155 1.00029743
-0.1343034756 1.00037433
-0.1340338631 0.99979423
-0.1324501656 1.00022552
-0.1319259204 1.00006738
-0.1303272315 1.00011606
-0.1300725724 1.00023002
-0.1287435168 0.99991488
-0.1282192244 1.00014339
-0.1268902060 1.00017930
-0.1266205908 0.99937084
-0.1263658773 1.00001020
-0.1250368770 0.99987870
-0.1247672700 0.99973844
-0.1245125293 1.00003073
-0.1231835580 0.99997403
-0.1229139411 1.00015557
-0.1226591822 0.99998874
-0.1213302382 0.99989650
-0.1210606294 1.00020957
-0.1208058342 0.99981208
-0.1194769183 0.99981105
-0.1192073095 1.00010788
-0.1189524780 0.99984442
-0.1176235984 0.99994950
-0.1173539796 1.00035345
-0.1170991400 1.00002008
-0.1157702785 0.99963475
-0.1155006688 1.00029790
-0.1152457920 0.99965200
-0.1139169586 0.99992704
-0.1136473389 0.99943533
-0.1133924358 1.00006852
-0.1120636387 1.00010253
-0.1117940190 0.99986071
-0.1115390978 0.99981046
-0.1102103188 0.99992327
-0.1096857498 1.00003806
-0.1080873783 0.99986276
-0.1078324027 0.99984325
-0.1065036790 1.00003308
-0.1062340576 0.99994455
-0.1059790555 1.00007929
-0.1046503592 1.00012726
-0.1041257084 0.99967423
-0.1025274178 1.00028320
-0.1022723613 0.99994687
-0.1009437194 0.99973354
-0.1006740970 0.99986928
-0.1004190142 0.99993151
-0.0990903904 1.00007306
-0.0988207771 0.99937555
-0.0985656671 1.00011485
-0.0972370796 0.99977507
-0.0969674563 0.99929533
-0.0967123200 1.00006433
-0.0953837597 1.00021658
-0.0951141364 0.99983520
-0.0948589729 0.99993545
-0.0935304308 0.99999142
-0.0932608165 1.00012512
-0.0930056268 1.00000276
-0.0916771199 1.00004406
-0.0914074867 1.00041696
-0.0898238001 1.00005280
-0.0895541758 1.00020796
-0.0879704711 1.00016337
-0.0874455855 1.00008401
-0.0858475270 0.99979244
-0.0855922302 1.00021665
-0.0842638313 0.99988030
-0.0839942153 0.99997697
-0.0837388922 0.99999265
-0.0824105114 1.00018336
-0.0821408954 0.99992952
-0.0818855360 1.00005268
-0.0805572006 1.00000661
-0.0802875755 0.99998451
-0.0800321898 1.00008977
-0.0787038707 0.99968768
-0.0784342556 0.99999160
-0.0781788518 0.99998379
-0.0768505509 1.00007561
-0.0765809348 1.00043322
-0.0763254965 0.99979383
-0.0749972400 1.00007264
-0.0747276149 0.99977039
-0.0744721494 1.00021840
-0.0731439111 0.99968761
-0.0728742950 0.99974443
-0.0726188123 1.00025431
-0.0712905912 1.00010478
-0.0710209661 1.00021970
-0.0707654570 0.99993961
-0.0694372704 0.99994600
-0.0691676553 1.00003163
-0.0689121099 1.00002196
-0.0675839505 0.99976386
-0.0673143354 1.00010491
-0.0670587728 0.99990618
-0.0657306306 0.99998471
-0.0654610064 1.00001969
-0.0652054175 0.99982875
-0.0636076947 1.00005156
-0.0633520713 1.00002756
-0.0620239899 0.99977045
-0.0617543748 1.00000650
-0.0614987342 0.99957762
-0.0601706701 1.00018989
-0.0599010458 0.99987527
-0.0583173411 1.00005956
-0.0580477260 0.99975938
-0.0577920318 1.00016616
-0.0564640203 1.00002308
-0.0561944151 0.99999865
-0.0559386856 1.00027726
-0.0546107095 0.99981505
-0.0543410862 0.99985122
-0.0540853395 1.00034277
-0.0527573805 0.99993716
-0.0524877663 0.99991156
-0.0522319933 0.99986895
-0.0509040597 0.99990148
-0.0506344555 1.00037141
-0.0503786471 0.99979592
-0.0490507489 0.99979532
-0.0487811265 1.00003125
-0.0485253018 0.99948407
-0.0471974200 1.00011039
-0.0469278066 1.00019172
-0.0466719556 0.99944197
-0.0453440992 0.99993813
-0.0450744958 0.99999099
-0.0434907702 1.00025833
-0.0432211668 1.00025732
-0.0429652632 0.99998447
-0.0413678470 1.00012769
-0.0411119179 1.00012479
-0.0395145361 0.99982058
-0.0392585717 0.99986966
-0.0379308187 1.00022895
-0.0376612072 1.00010689
-0.0374052255 0.99988704
-0.0360774979 0.99996549
-0.0358078873 1.00021430
-0.0355518802 0.99998579
-0.0342241871 1.00020675
-0.0339545592 0.99987962
-0.0336985340 0.99983867
-0.0323708572 0.99990142
-0.0321012484 0.99990603
-0.0305175373 1.00006807
-0.0302479285 0.99992795
-0.0299918426 1.00004778
-0.0286642256 1.00003852
-0.0283945996 1.00020555
-0.0281385064 1.00004976
-0.0268108967 0.99993483
-0.0265412888 0.99977736
-0.0262851511 0.99993155
-0.0249575759 1.00038762
-0.0246879689 1.00027947
-0.0244318058 1.00031579
-0.0231042460 1.00012677
-0.0228346399 1.00021294
-0.0212509352 0.99985651
-0.0207251143 1.00011359
-0.0191280101 1.00014190
-0.0188717690 1.00009870
-0.0175442854 0.99991190
-0.0172746812 1.00007176
-0.0170184238 0.99996148
-0.0156909737 1.00051561
-0.0154213703 0.99971710
-0.0151650785 1.00018628
-0.0138376529 1.00022375
-0.0135680514 1.00034452
-0.0133117332 0.99988352
-0.0119843239 0.99967462
-0.0117147224 1.00023485
-0.0114583879 1.00002724
-0.0101310031 0.99997106
-0.0098614116 0.99991306
-0.0096050335 0.99999466
-0.0082776914 1.00015062
-0.0080080917 1.00011514
-0.0077516964 0.99991360
-0.0064243625 1.00003171
-0.0061547636 1.00002029
-0.0058983520 1.00028754
-0.0045710417 0.99967671
-0.0043014528 0.99944993
-0.0040449977 0.99909684
-0.0027177209 0.99857841
-0.0024481329 0.99849921
-0.0021916615 0.99806621
-0.0008644010 0.99858563
-0.0005948049 0.99822200
-0.0003383162 0.99793355
0.0012585059 0.99821015
0.0015150382 0.99818886
0.0031118349 0.99823573
0.0033683744 0.99857159
0.0049651539 0.99982730
0.0052217188 1.00006698
0.0065488813 0.99990670
0.0068184647 0.99995868
0.0070750731 0.99987302
0.0084022112 1.00000618
0.0086717927 0.99994535
0.0089284094 1.00023461
0.0102555229 0.99985950
0.0105251126 1.00000715
0.0107817628 1.00009701
0.0121088437 1.00017911
0.0123784234 1.00014044
0.0126351081 1.00036074
0.0139621735 1.00007398
0.0142317515 0.99987009
0.0144884434 1.00006727
0.0158154853 0.99990766
0.0160850714 1.00033995
0.0163417978 1.00032288
0.0179383904 1.00040038
0.0195221259 1.00007366
0.0197917102 0.99984384
0.0200484874 0.99963895
0.0213754467 1.00022682
0.0216450292 1.00016279
0.0232287766 1.00005667
0.0234983491 0.99969821
0.0237551762 0.99995630
0.0253516681 1.00016101
0.0256085124 1.00023976
0.0269354091 1.00009457
0.0272049880 0.99996665
0.0274618658 0.99977689
0.0287887390 0.99987855
0.0290583070 0.99980902
0.0293152102 0.99983952
0.0306420507 0.99994790
0.0309116359 0.99992247
0.0311685546 0.99988147
0.0324953715 1.00018484
0.0327649458 1.00042600
0.0330218999 1.00032522
0.0343487014 1.00003498
0.0346182657 1.00018976
0.0348752443 0.99981145
0.0362020222 0.99983428
0.0364715938 0.99989951
0.0367285796 0.99984942
0.0380553430 1.00004430
0.0383249037 0.99992092
0.0385819330 1.00018429
0.0399086638 0.99954019
0.0401782326 0.99994385
0.0404352774 1.00018608
0.0417619846 1.00007314
0.0420315516 1.00005618
0.0422886127 0.99999866
0.0436153054 1.00004877
0.0438848624 1.00057682
0.0454686261 1.00005581
0.0459953096 1.00017713
0.0475915095 1.00012208
0.0478486449 1.00039081
0.0491752777 0.99976442
0.0494448203 1.00018155
0.0497019984 1.00000118
0.0510285894 0.99979459
0.0512981483 0.99980488
0.0515553428 1.00007686
0.0528819102 1.00015536
0.0531514583 1.00015685
0.0534086862 1.00027317
0.0547352401 1.00015140
0.0550047781 1.00001841
0.0552620306 1.00014128
0.0565885518 1.00034118
0.0568581062 1.00008388
0.0571153750 0.99985616
0.0584418817 0.99989739
0.0587114161 0.99959855
0.0589687185 0.99931328
0.0602952034 1.00007801
0.0605647351 0.99981627
0.0608220629 0.99935617
0.0621485151 1.00016802
0.0624180640 0.99973108
0.0626754063 0.99945177
0.0640018450 0.99997170
0.0642713830 1.00027808
0.0645287507 1.00009255
0.0658551658 1.00000016
0.0661246929 0.99968758
0.0663821032 0.99988423
0.0677084784 0.99999654
0.0682354386 0.99983816
0.0698313409 0.99993458
0.0700887820 0.99986752
0.0714151291 1.00005777
0.0716846508 0.99982518
0.0719421346 1.00026669
0.0732684408 0.99988659
0.0735379788 1.00005033
0.0737954699 0.99992037
0.0751217716 1.00002113
0.0753912978 1.00000986
0.0756488134 0.99995291
0.0769750924 0.99991854
0.0772446259 1.00004716
0.0775021659 0.99994627
0.0790979358 1.00006686
0.0793555003 0.99997834
0.0809512557 1.00009258
0.0812088447 1.00011069
0.0828045837 0.99973313
0.0830621972 1.00009875
0.0843883774 1.00002019
0.0846578936 1.00012610
0.0849155316 1.00017055
0.0862416982 1.00014219
0.0865112126 1.00003059
0.0867688751 1.00004842
0.0880950199 1.00007482
0.0883645407 1.00007843
0.0899483406 0.99999108
0.0902178506 0.99998272
0.0920711696 1.00020818
0.0923289055 1.00002988
0.0936549831 1.00031335
0.0939244976 0.99978571
0.0941822571 1.00014003
0.0955083130 1.00012976
0.0957778075 0.99978589
0.0960356006 1.00002028
0.0973616256 0.99974756
0.0976311265 0.99981117
0.0978889350 1.00001890
0.0992149555 0.99976754
0.0994844545 0.99991887
0.1010682772 0.99992933
0.1013377645 0.99989766
0.1029215898 0.99993465
0.1031910834 1.00008841
0.1034489736 0.99963337
0.1047749197 0.99983989
0.1050444115 1.00007330
0.1068977305 1.00013818
0.1084815531 0.99985581
0.1087510404 1.00019703
0.1106043684 0.99977083
0.1108623466 0.99972195
0.1121882056 1.00018740
0.1124576874 0.99977671
0.1127156801 1.00015020
0.1143110064 0.99993585
0.1145690317 1.00051305
0.1158948481 1.00010822
0.1161643254 0.99982934
0.1164223752 0.99989768
0.1177481698 0.99996772
0.1180176444 1.00013597
0.1182757087 1.00040095
0.1196014997 1.00018407
0.1198709633 0.99986630
0.1201290612 0.99998182
0.1214548123 1.00034912
0.1217242823 1.00009957
0.1219824038 1.00015751
0.1233081340 0.99992361
0.1235775922 0.99999657
0.1238357373 0.99966967
0.1251614639 0.99996315
0.1254309194 0.99973349
0.1256890889 1.00009683
0.1270147765 1.00022627
0.1272842384 1.00030093
0.1275424324 0.99988587
0.1288680982 0.99992426
0.1291375483 0.99993573
0.1293957750 0.99991183
0.1309908763 0.99966413
0.1312491175 0.99986108
0.1325747416 0.99949530
0.1328441953 0.99974385
0.1331024601 1.00015633
0.1344280715 1.00013111
0.1349558026 0.99967978
0.1365508323 1.00021198
0.1368091452 1.00005826
0.1381347149 1.00012658
0.1384041513 1.00029728
0.1386624878 1.00002319
0.1399880366 0.99999238
0.1402574703 0.99998537
0.1405158303 0.99992255
0.1418413583 0.99974971
0.1421107893 1.00021680
0.1423691820 0.99993866
0.1436946709 0.99993606
0.1439641083 0.99985646
0.1442225155 1.00002839
0.1455480017 1.00020796
0.1458174263 1.00032357
0.1460758571 1.00010250
0.1474013234 1.00003516
0.1476707453 1.00000302
0.1479292088 1.00003385
0.1492546360 0.99977122
0.1495240643 1.00031057
0.1497825423 1.00023220
0.1511079668 0.99984229
0.1513773915 0.99990211
0.1516358848 1.00006498
0.1529612885 1.00003959
0.1532307104 1.00038691
0.1548146193 1.00006725
0.1550840203 0.99988501
0.1566679319 1.00025687
0.1569373484 1.00022072
0.1571959107 1.00006231
0.1587906665 1.00030618
0.1590492623 0.99982428
0.1603745844 0.99976959
0.1606439764 0.99988189
0.1622278970 1.00004437
0.1624973044 1.00009816
0.1627559375 1.00000135
0.1640812187 0.99961148
0.1643506225 1.00020244
0.1646092792 0.99975729
0.1659345495 1.00012344
0.1662039324 0.99999479
0.1664626217 0.99992284
0.1677878621 0.99997070
0.1680572605 0.99988743
0.1683159634 1.00002821
0.1696411838 0.99993561
0.1699105785 0.99989571
0.1701693059 1.00044639
0.1714945146 0.99995874
0.1717638885 0.99979656
0.1720226476 1.00017981
0.1733478281 0.99990709
0.1736172156 1.00017172
0.1738759893 1.00031653
0.1754705346 0.99991501
0.1757293400 0.99979027
0.1773238445 1.00002842
0.1791771716 0.99970818
0.1794360151 0.99970156
0.1810304815 0.99929782
0.1812893659 0.99978633
0.1826144466 1.00004964
0.1828838087 0.99952203
0.1831426985 1.00005475
0.1844677592 1.00017877
0.1847371277 1.00019086
0.1849960401 1.00001577
0.1863210900 1.00007982
0.1865904457 0.99965459
0.1868493908 0.99993143
0.1881744117 0.99976488
0.1884437647 0.99998396
0.1887027234 0.99945030
0.1900277343 1.00021490
0.1902970828 1.00002746
0.1905560742 1.00004115
0.1918810560 0.99998385
0.1921504018 1.00005792
0.1924094158 0.99984973
0.1937343777 1.00032144
0.1940037198 0.99979835
0.1942627475 1.00007093
0.1955877094 0.99989209
0.1958570388 0.99994704
0.1961160982 1.00017173
0.1974410311 1.00010635
0.1977103569 0.99956226
0.1979694399 0.99995753
0.1992943447 0.99989644
0.1995636850 0.99970774
0.1998227725 1.00022445
0.2011476754 0.99976589
0.2016761223 0.99982676
0.2032703129 0.99994899
0.2035294640 0.99995762
0.2048543107 0.99985058
0.2051236401 1.00001994
0.2053828056 0.99995100
0.2067076414 1.00027288
0.2069769491 1.00021540
0.2072361464 1.00009683
0.2085609641 0.99974836
0.2088302681 1.00002984
0.2090894880 1.00011913
0.2104142767 0.99987874
0.2106835952 1.00001309
0.2109428288 0.99990836
0.2122676084 1.00011533
0.2125369051 1.00007120
0.2127961704 0.99999813
0.2141209210 1.00020987
0.2143902232 1.00046051
0.2146495112 1.00029711
0.2159742527 1.00028306
0.2162435503 0.99997343
0.2165028528 0.99993831
0.2178275744 1.00001032
0.2180968603 1.00003351
0.2183562027 0.99993695
0.2196808879 1.00004054
0.2199501783 1.00006951
0.2202095343 1.00001837
0.2215342196 1.00002313
0.2218035055 1.00009518
0.2220628760 1.00002403
0.2233875413 1.00001987
0.2239162258 1.00009248
0.2252408548 1.00010396
0.2257695575 1.00000837
0.2270941856 0.99993685
0.2273634606 1.00020422
0.2276228982 0.99999675
0.2289475082 1.00006449
0.2292167796 0.99988239
0.2294762399 0.99946187
0.2308008308 0.99966588
0.2310700977 1.00004606
0.2313295807 0.99929302
0.2326541534 0.99991430
0.2331829214 0.99983931
0.2345074751 0.99994842
0.2347767347 0.99997186
0.2350362622 1.00008284
0.2363608068 0.99994852
0.2366300528 0.99945602
0.2368896029 0.99951243
0.2382141204 1.00027920
0.2384833709 1.00006862
0.2387429437 0.99975449
0.2400674421 0.99990260
0.2403366889 0.99987339
0.2405962844 1.00001820
0.2419207737 0.99987269
0.2421900170 0.99990359
0.2424496252 1.00005172
0.2437740964 1.00009126
0.2440433260 0.99995121
0.2456274099 1.00007041
0.2458966441 0.99995285
0.2461563058 1.00032847
0.2477499621 0.99983523
0.2480096465 0.99992075
0.2493340642 0.99984410
0.2496032802 1.00023955
0.2498629873 1.00010837
0.2511873768 0.99981670
0.2514565901 1.00009940
0.2517163362 1.00027899
0.2530407085 1.00015535
0.2533099173 1.00003056
0.2535696679 0.99992234
0.2548940311 0.99996734
0.2551632353 0.99998025
0.2554230086 0.99989261
0.2567473537 0.99967411
0.2570165625 0.99991343
0.2572763575 1.00009362
0.2586006763 0.99996203
0.2588698715 1.00000169
0.2591296892 1.00004021
0.2604539989 1.00000266
0.2607231896 0.99988563
0.2609830300 1.00001536
0.2623073306 1.00009038
0.2625765176 0.99971032
0.2628363789 1.00021612
0.2644298266 1.00010080
0.2646897096 1.00005478
0.2660139668 0.99981640
0.2662831447 1.00016179
0.2678672894 0.99983398
0.2681364718 1.00004677
0.2683963993 0.99997044
0.2699897808 1.00040264
0.2702497310 0.99995297
0.2715739255 1.00007746
0.2718430989 0.99999634
0.2721030799 0.99989129
0.2734272572 0.99976859
0.2736964260 1.00027397
0.2739564197 1.00006832
0.2752805798 0.99989423
0.2755497441 1.00013727
0.2758097514 0.99993164
0.2771339115 1.00019050
0.2774030531 0.99999374
0.2776631003 1.00011216
0.2789872259 1.00001915
0.2792563803 0.99980391
0.2795164402 0.99988687
0.2808405485 0.99997493
0.2811096983 1.00039609
0.2813697800 0.99991141
0.2826938802 1.00009284
0.2829630073 1.00002570
0.2832231199 0.99987063
0.2845471938 1.00000773
0.2848163345 0.99996464
0.2850764597 0.99978988
0.2864005164 0.99999472
0.2866696535 1.00011525
0.2869297996 1.00006138
0.2882538490 0.99977387
0.2885229625 1.00047328
0.2901071625 0.99988090
0.2906364792 0.99998448
0.2922296077 0.99984046
0.2924898191 0.99983708
0.2938138168 1.00025676
0.2940829348 0.99992176
0.2943431680 1.00017325
0.2956671403 1.00023533
0.2959362438 0.99988084
0.2961964988 1.00010919
0.2975204629 1.00009487
0.2977895610 0.99987056
0.2980498386 1.00026720
0.2993737855 1.00028145
0.2996428882 1.00008316
0.2999031785 0.99990691
0.3012271090 1.00006865
0.3014961972 1.00015472
0.3017565174 1.00024243
0.3030804316 0.99987867
0.3033495152 0.99979862
0.3036098572 1.00007431
0.3049337542 0.99989382
0.3052028424 1.00000342
0.3054631971 0.99985347
0.3067870778 0.99996607
0.3070561514 1.00023807
0.3073165360 0.99981236
0.3086404094 0.99969802
0.3089094695 1.00045469
0.3091698668 0.99998278
0.3104937239 1.00038777
0.3107627966 0.99999446
0.3110232157 1.00011222
0.3123470556 1.00006093
0.3128765546 0.99993365
0.3147298945 0.99990261
0.3160536926 0.99988401
0.3165832334 0.99993047
0.3179070252 1.00021754
0.3181760598 0.99982264
0.3184365724 1.00007415
0.3197603478 1.00013656
0.3200293779 1.00009298
0.3202899122 1.00021361
0.3216136623 1.00004567
0.3218826951 1.00010358
0.3221432511 0.99996359
0.3234669939 1.00043917
0.3237360131 1.00011171
0.3239965910 0.99999141
0.3253203175 0.99977309
0.3255893403 1.00010143
0.3271736310 0.99967572
0.3274426584 0.99977841
0.3277032779 1.00027956
0.3290269636 1.00013584
0.3292959674 0.99985655
0.3295566078 1.00016219
0.3308802780 0.99986487
0.3311492945 1.00001028
0.3314099476 1.00013488
0.3327336097 0.99999826
0.3330026117 1.00005359
0.3345869332 1.00003947
0.3348559207 0.99962971
0.3367092478 0.99995549
0.3369699645 0.99984373
0.3382935794 1.00028282
0.3385625659 0.99989578
0.3388233125 0.99964601
0.3401469029 0.99976105
0.3404158749 0.99985068
0.3406766423 1.00007585
0.3420002264 0.99995399
0.3422692011 1.00009980
0.3425299813 0.99997763
0.3438535499 1.00000903
0.3441225192 1.00019957
0.3443833293 0.99997689
0.3457068725 0.99993648
0.3459758282 1.00003802
0.3462366591 1.00005839
0.3478291554 1.00013837
0.3480899981 0.99996357
0.3494135195 0.99971334
0.3496824725 0.99973660
0.3499433452 1.00004003
0.3512668431 1.00015053
0.3515357906 0.99990626
0.3517966750 0.99993490
0.3531201756 0.99994901
0.3533891087 1.00007774
0.3536500230 0.99989815
0.3549734992 0.99987092
0.3552424267 0.99979445
0.3568268127 1.00000361
0.3570957439 0.99998631
0.3573567000 0.99998911
0.3589490620 1.00009809
0.3592100390 1.00021727
0.3605334688 0.99967674
0.3610633779 0.99988681
0.3623867833 1.00014539
0.3626557063 1.00015280
0.3629167159 1.00048284
0.3642401158 1.00022278
0.3645090244 0.99996021
0.3647700549 0.99998532
0.3660934394 1.00013521
0.3663623334 1.00006255
0.3666233929 0.99996281
0.3679467538 1.00006011
0.3682156596 0.99994528
0.3684767318 1.00009217
0.3698000864 1.00002082
0.3700689777 0.99979503
0.3703300699 0.99995738
0.3716534099 0.99988722
0.3719222867 0.99990755
0.3721834088 0.99992233
0.3735067425 0.99972027
0.3737756129 0.99999992
0.3740367468 0.99980840
0.3753600569 0.99970889
0.3756289310 0.99982147
0.3758900858 0.99992332
0.3772133814 1.00013109
0.3774822400 1.00015230
0.3777434238 1.00018442
0.3790667139 1.00018799
0.3793355662 1.00005128
0.3795967527 1.00022545
0.3809200284 1.00002538
0.3811888843 0.99994401
0.3814500998 0.99989871
0.3827733519 0.99982824
0.3830421933 1.00014990
0.3833034388 1.00009652
0.3846266845 1.00014721
0.3848955195 1.00027073
0.3851567677 1.00017907
0.3864799989 0.99988713
0.3867488286 0.99984591
0.3870101148 1.00009969
0.3883333234 0.99983600
0.3886021457 1.00024762
0.3888634529 1.00018798
0.3901866560 1.00001571
0.3904554729 1.00016539
0.3907167909 0.99997281
0.3920399704 1.00012841
0.3923087819 1.00001983
0.3925701289 0.99986065
0.3938933030 1.00001439
0.3941621081 1.00029494
0.3944234670 0.99986724
0.3957466183 0.99985913
0.3960154262 0.99980062
0.3962768050 0.99982953
0.3975999419 0.99988511
0.3978687343 1.00032118
0.3981301430 1.00011382
0.3994532744 1.00002604
0.3997220614 1.00005905
0.4013065989 1.00018136
0.4018368191 0.99974693
0.4034286967 0.99975115
0.4036901662 0.99989903
0.4050132459 1.00006412
0.4052820138 0.99963609
0.4055434951 0.99990034
0.4068665703 1.00017731
0.4071353319 0.99957401
0.4073968323 0.99987170
0.4087198938 0.99941950
0.4089886491 1.00024507
0.4092501794 0.99992894
0.4105732183 0.99954167
0.4108419671 0.99999473
0.4111035083 1.00026790
0.4124265418 0.99953699
0.4126952843 0.99994325
0.4129568454 1.00005022
0.4142798753 1.00015183
0.4145486024 1.00001655
0.4148101925 0.99994070
0.4161331897 0.99999324
0.4164019286 1.00018682
0.4166635215 0.99971761
0.4179865141 1.00034027
0.4182552376 0.99962499
0.4185168586 1.00009312
0.4198398467 1.00007682
0.4201085548 0.99987102
0.4203702057 1.00049580
0.4216931621 0.99989606
0.4219618819 0.99973901
0.4235464856 0.99996836
0.4238151900 0.99986887
0.4240768718 1.00010652
0.4256685172 1.00019894
0.4259302180 0.99979971
0.4272531335 1.00002093
0.4277835470 1.00015145
0.4291064670 0.99980171
0.4293751433 1.00005730
0.4296368841 1.00002971
0.4309597915 1.00049179
0.4312284696 1.00025033
0.4314902303 0.99994172
0.4328131059 0.99994167
0.4330817867 0.99998065
0.4333435683 1.00043585
0.4346664394 0.99996469
0.4349350957 1.00024331
0.4351969054 0.99992262
0.4365197638 0.99999680
0.4367884220 1.00001804
0.4370502425 0.99981818
0.4383730792 1.00001913
0.4386417401 1.00006807
0.4389035797 1.00020871
0.4402264118 0.99998052
0.4404950572 0.99994169
0.4407569168 0.99997464
0.4420797362 1.00014054
0.4423483744 1.00032441
0.4426102548 1.00009486
0.4439330606 1.00033328
0.4442016834 0.99993006
0.4457863850 0.99975549
0.4460550096 0.99982314
0.4463169291 0.99987022
0.4479083277 0.99991252
0.4481702662 1.00015354
0.4494930420 1.00002616
0.4497616449 1.00019281
0.4500235942 0.99987998
0.4513463574 0.99991528
0.4516149530 1.00018832
0.4518769404 1.00014453
0.4531996818 1.00010316
0.4534682801 0.99972677
0.4537302776 1.00017986
0.4550530062 1.00017461
0.4553215973 0.99993222
0.4555836056 0.99990051
0.4569063307 0.99991818
0.4571749144 1.00009605
0.4574369509 1.00010040
0.4587596551 0.99998530
0.4590282325 0.99943986
0.4592902880 0.99990397
0.4606129795 1.00003551
0.4608815497 0.99940210
0.4611436161 1.00047427
0.4624663039 1.00016217
0.4627348759 0.99988907
0.4629969623 1.00017943
0.4643196374 0.99996861
0.4645881849 1.00000461
0.4648502985 1.00000341
0.4661729618 1.00019184
0.4664415021 1.00042676
0.4667036356 0.99969260
0.4680262772 0.99986084
0.4685569727 0.99971904
0.4701481364 0.99939607
0.4704103089 1.00002984
0.4717329351 0.99981202
0.4722636461 0.99955070
0.4735862505 0.99986623
0.4738547807 0.99946311
0.4741169832 0.99997281
0.4754395840 1.00013946
0.4757080888 1.00021678
0.4759703194 1.00048315
0.4772929093 0.99997118
0.4775614069 1.00030708
0.4778236565 0.99987855
0.4791462246 0.99990006
0.4794147331 1.00018360
0.4796770018 1.00000566
0.4809995581 1.00011729
0.4812680412 0.99979203
0.4815303299 1.00009848
0.4828528826 1.00006041
0.4831213584 1.00013202
0.4833836661 0.99978722
0.4847062161 0.99997830
0.4849746856 0.99995912
0.4852370114 0.99992786
0.4865595323 0.99993947
0.4868279937 0.99993994
0.4870903394 1.00017773
0.4884128567 1.00033584
0.4886813199 1.00009756
0.4902661902 0.99997297
0.4905346371 1.00039650
0.4907970209 1.00024756
0.4923879551 1.00009749
0.4926503481 1.00003240
0.4939728309 0.99991960
0.4942412723 0.99996937
0.4945036852 0.99986518
0.4958261644 0.99980560
0.4960945895 1.00011235
0.4963570305 0.99990484
0.4976794807 1.00009520
0.4979479066 0.99998511
0.4982103576 1.00020405
0.4995328051 1.00053860
0.4998012329 0.99989771
0.5003316674 0.99988702
0.5005926471 0.99986206
0.5008616609 0.99999197
0.5011104448 0.99948707
0.5021850055 0.99978827
0.5024459743 0.99983578
0.5027149935 0.99972653
0.5029638001 0.99996586
0.5040383526 1.00024968
0.5042992833 1.00006456
0.5045683170 0.99999118
0.5048171553 1.00010220
0.5058916806 0.99975255
0.5061526004 1.00032612
0.5064216305 1.00013411
0.5066705106 1.00031966
0.5077450186 0.99975226
0.5080059276 1.00000817
0.5082749631 0.99991691
0.5085238749 1.00014832
0.5095983657 1.00007773
0.5098592366 0.99991741
0.5101282866 0.99993344
0.5114516938 1.00005961
0.5117125547 0.99980436
0.5122305764 1.00005050
0.5133050409 1.00026828
0.5138349336 0.99960547
0.5140839407 1.00011263
0.5154191908 1.00014958
0.5156882572 1.00002087
0.5159372869 0.99988975
0.5170117079 1.00006489
0.5172725080 1.00044409
0.5175415707 0.99987891
0.5177906422 0.99995476
0.5188650550 0.99985040
0.5191258351 1.00001887
0.5193949033 1.00015822
0.5196440056 0.99998800
0.5207183921 1.00005125
0.5209791441 1.00004725
0.5212482177 0.99998014
0.5214973518 1.00019643
0.5225717211 0.99979408
0.5228324713 1.00004448
0.5231015412 0.99992533
0.5233507071 1.00028442
0.5246857893 0.99996104
0.5249548729 0.99992859
0.5252040705 0.99993750
0.5262784062 0.99940750
0.5265390983 1.00002548
0.5268081964 0.99961018
0.5270574167 1.00003355
0.5281317533 1.00017224
0.5283924255 1.00000011
0.5286615109 1.00003063
0.5289107719 0.99993649
0.5299850822 1.00005579
0.5302457345 0.99992477
0.5305148426 1.00008871
0.5307641354 0.99991189
0.5318384203 1.00011457
0.5320990526 0.99965993
0.5323681661 0.99991323
0.5326174816 0.99991159
0.5336917683 0.99974635
0.5339523788 0.99985138
0.5342214896 0.99992166
0.5344708359 1.00022049
0.5355450972 0.99999129
0.5360748122 1.00011518
0.5363241994 0.99989893
0.5376590059 0.99999391
0.5379281357 1.00003885
0.5381775455 1.00020161
0.5392517824 0.99997688
0.5395123330 0.99976341
0.5397814683 1.00020665
0.5400308999 1.00008761
0.5411051204 1.00024333
0.5413656511 1.00029173
0.5416347819 1.00049592
0.5418842633 0.99998409
0.5429584503 0.99999046
0.5432189782 1.00006710
0.5434881054 0.99997160
0.5437376177 1.00038105
0.5448117974 1.00001632
0.5450722872 1.00002142
0.5453414370 1.00002598
0.5455909639 0.99996300
0.5466651354 1.00002686
0.5469256053 0.99997212
0.5471947515 0.99980354
0.5474443273 0.99976638
0.5485184743 0.99990334
0.5487789325 1.00006350
0.5490480741 1.00007870
0.5492976726 0.99985036
0.5503718124 1.00014376
0.5506322415 0.99983110
0.5509014058 1.00016789
0.5511510270 1.00006780
0.5522251504 1.00006660
0.5524855595 0.99999948
0.5527547202 0.99974344
0.5530043904 0.99989169
0.5540784893 0.99992658
0.5543388867 0.99993271
0.5546080428 1.00028546
0.5559318274 0.99990869
0.5561921957 0.99985324
0.5567110891 1.00000010
0.5577851572 1.00006855
0.5583146890 0.99976093
0.5585644525 1.00000124
0.5598988409 1.00018082
0.5601680116 1.00000343
0.5604177978 1.00000016
0.5614918433 0.99991332
0.5617521499 1.00001642
0.5620213442 1.00011175
0.5622711522 0.99976245
0.5633451913 1.00003654
0.5636054770 1.00011684
0.5638746577 1.00010507
0.5641245156 1.00035042
0.5651985202 0.99996902
0.5654587951 0.99978284
0.5657279803 1.00015829
0.5659778600 0.99984467
0.5670518592 1.00011351
0.5673121050 1.00000323
0.5675813129 1.00000267
0.5678312144 1.00041008
0.5689052072 1.00003632
0.5691654322 0.99994701
0.5694346355 0.99999777
0.5696845769 1.00012387
0.5707585370 0.99994995
0.5710187502 1.00007533
0.5712879490 0.99999437
0.5715379222 0.99971328
0.5726118751 0.99983569
0.5728720593 0.99936844
0.5731412807 0.99965864
0.5744652231 1.00024869
0.5749946042 1.00004728
0.5752446390 1.00000099
0.5763185529 0.99986493
0.5765787045 0.99978230
0.5768479178 0.99984617
0.5781719010 0.99971473
0.5784320225 1.00011084
0.5789513378 1.00028319
0.5805545721 0.99981946
0.5808047003 0.99996230
0.5821386587 1.00021848
0.5824079037 0.99961836
0.5826580538 0.99991219
0.5837319178 0.99988932
0.5839919777 1.00016673
0.5842612173 1.00003914
0.5845113981 0.99997853
0.5855852567 1.00021251
0.5858452957 1.00013085
0.5861145399 1.00009618
0.5863647607 1.00022726
0.5874385866 0.99996669
0.5876986138 0.99964766
0.5879678634 0.99983889
0.5882181150 0.99999332
0.5892919346 0.99977613
0.5895519319 1.00001531
0.5898211860 0.99994727
0.5900714594 0.99990705
0.5911452735 1.00008970
0.5914052500 0.99974555
0.5916744996 1.00005303
0.5919248219 1.00009045
0.5929986124 0.99998111
0.5932585680 0.99979384
0.5935278312 1.00006014
0.5937781754 1.00005771
0.5948519514 1.00004708
0.5951118961 1.00007163
0.5953811538 1.00009080
0.5956315197 1.00000781
0.5967052912 0.99984678
0.5969652051 0.99999466
0.5972344674 0.99994985
0.5974848823 0.99992258
0.5985586392 1.00024312
0.5988185232 1.00035224
0.5990877991 1.00010315
0.5993382348 0.99979702
0.6004119782 1.00055664
0.6006718503 1.00035281
0.6009411217 1.00002208
0.6011915883 1.00019569
0.6022653080 1.00010114
0.6027944443 0.99973195
0.6043784874 1.00001680
0.6046477660 1.00018151
0.6062318054 1.00000295
0.6065010886 0.99999357
0.6080851144 0.99986742
0.6083544112 0.99999479
0.6086050011 0.99999025
0.6099384425 0.99979031
0.6102077338 0.99989960
0.6104583546 0.99989133
0.6117917606 1.00007523
0.6120610564 1.00017135
0.6123117071 0.99992311
0.6136450696 0.99999296
0.6139143790 0.99963997
0.6141650606 0.99993864
0.6154983976 0.99997332
0.6157677107 0.99978336
0.6160184131 0.99990178
0.6173517157 0.99966882
0.6176210233 1.00026479
0.6178717666 1.00011198
0.6192050338 1.00044063
0.6194743460 1.00011624
0.6197251191 1.00048107
0.6210583518 0.99991342
0.6213276776 0.99985363
0.6215784717 1.00032008
0.6229116708 1.00024119
0.6234318342 1.00015774
0.6266183079 1.00009936
0.6268876446 1.00031632
0.6271385302 1.00009911
0.6282120604 0.99974811
0.6284716260 0.99968618
0.6287409581 1.00042587
0.6289918918 1.00012376
0.6300654093 0.99975213
0.6303249531 1.00001970
0.6305942889 1.00014863
0.6308452353 0.99988179
0.6319187492 1.00006101
0.6321782721 1.00019190
0.6324476115 0.99996426
0.6326985878 1.00013340
0.6337720981 0.99986476
0.6340315811 1.00004921
0.6343009250 1.00002009
0.6345519494 0.99992619
0.6356254289 1.00041438
0.6358849082 0.99998389
0.6361542558 1.00002735
0.6364052929 0.99984583
0.6374787687 1.00002890
0.6380075784 0.99999816
0.6382586455 0.99988756
0.6393321176 1.00016910
0.6398608919 1.00010689
0.6401120071 0.99996745
0.6411854484 0.99985022
0.6417142227 0.99988393
0.6419653505 1.00006292
0.6430387882 0.99999564
0.6432981823 1.00014246
0.6435675453 0.99968848
0.6448921371 1.00000792
0.6451515013 0.99982408
0.6456720647 1.00022934
0.6467454770 1.00035460
0.6472741896 0.99994813
0.6475254073 1.00010025
0.6485988168 0.99997437
0.6491275113 0.99997069
0.6493787598 0.99989190
0.6504521567 1.00001035
0.6509808339 1.00018034
0.6512321214 0.99991163
0.6523054965 0.99992164
0.6525647754 1.00006224
0.6528341556 1.00020667
0.6530854731 0.99976433
0.6541588373 0.99993381
0.6544180844 0.99999780
0.6546874782 1.00024714
0.6549388165 1.00022846
0.6560121771 0.99978825
0.6562714125 1.00000255
0.6565407909 0.99985021
0.6567921772 0.99993712
0.6578655170 0.99996626
0.6581247306 1.00015206
0.6583941217 0.99977393
0.6586455298 1.00005735
0.6597188577 0.99979772
0.6599780405 1.00027784
0.6602474443 0.99996786
0.6604988723 0.99999925
0.6615721976 1.00004605
0.6618313676 0.99994334
0.6621007569 1.00006835
0.6623522331 0.99945030
0.6634255374 1.00021064
0.6636846866 0.99993428
0.6639540877 1.00002770
0.6652788872 1.00032892
0.6655380137 0.99983058
0.6658074103 0.99994411
0.6671322180 0.99998212
0.6673913236 0.99997579
0.6676607229 0.99979244
0.6679122889 0.99976949
0.6689855678 0.99995096
0.6692446426 0.99995480
0.6695140537 0.99987694
0.6697656405 1.00020023
0.6710979698 1.00000414
0.6713673763 0.99998724
0.6716189840 1.00019155
0.6726922393 0.99991240
0.6729512797 1.00013275
0.6732207071 1.00006772
0.6745455892 1.00000145
0.6748045978 1.00020650
0.6750740197 1.00004486
0.6753256963 0.99948632
0.6763989199 1.00003559
0.6766579258 0.99981508
0.6769273414 0.99989988
0.6771790480 1.00001647
0.6782522607 1.00023867
0.6785112357 1.00022695
0.6787806731 0.99995198
0.6790323996 1.00005408
0.6801056105 1.00006787
0.6803645538 0.99965936
0.6806339857 0.99980896
0.6808857512 1.00009117
0.6819589413 1.00010948
0.6822178818 0.99989310
0.6824873074 1.00011327
0.6827391029 0.99996094
0.6838122911 1.00014050
0.6840712008 0.99997715
0.6843406382 1.00018349
0.6845924536 0.99992084
0.6856656319 0.99976858
0.6859245189 1.00050005
0.6861939508 1.00000419
0.6864458052 1.00006053
0.6875189635 1.00000164
0.6877778379 1.00022856
0.6880472734 1.00003180
0.6893723134 0.99982972
0.6896311569 0.99980192
0.6901525085 1.00010824
0.6912256541 1.00005373
0.6917539259 1.00032322
0.6920058592 1.00005504
0.6933377939 1.00005843
0.6936072385 0.99995645
0.6938592018 1.00005827
0.6949323356 0.99980590
0.6951911129 0.99998888
0.6954605693 1.00001153
0.6957125625 1.00004682
0.6967856764 0.99990338
0.6970444400 1.00006631
0.6973138910 0.99991211
0.6975659132 0.99961493
0.6986390171 0.99997663
0.6988977500 0.99994366
0.6991672036 0.99985163
0.6994192558 1.00012526
0.7004923579 0.99988485
0.7007510689 1.00026110
0.7010205344 1.00004512
0.7012726156 0.99999687
0.7023456986 1.00010411
0.7026043970 1.00015163
0.7028738561 1.00033832
0.7031259672 0.99970702
0.7041990484 1.00008175
0.7044577069 1.00011068
0.7047271687 1.00034673
0.7049793089 0.99998148
0.7060523801 0.99999154
0.7063110250 0.99996689
0.7065804995 0.99982633
0.7068326687 0.99967718
0.7079057209 0.99982356
0.7081643439 0.99990420
0.7084338212 0.99976628
0.7086860203 1.00001527
0.7097590716 1.00001286
0.7100176629 0.99983998
0.7102871338 1.00021591
0.7105393620 0.99998520
0.7116124123 1.00015222
0.7118709910 1.00011122
0.7121404646 1.00017076
0.7123927218 1.00024223
0.7134657440 1.00000568
0.7139937863 1.00006705
0.7142460725 1.00006681
0.7155776190 1.00007285
0.7158470990 1.00031714
0.7160994323 0.99983265
0.7171724355 1.00012013
0.7174309470 0.99997997
0.7177004288 1.00029370
0.7179527740 0.99976429
0.7190257763 0.99996395
0.7192842569 0.99977756
0.7195537505 1.00004316
0.7198061247 1.00024138
0.7208791179 0.99990119
0.7211375759 1.00010879
0.7214070722 0.99992290
0.7216594845 0.99994014
0.7227324587 0.99995877
0.7229909040 0.99996723
0.7232603939 1.00007658
0.7235128262 0.99996204
0.7245858094 1.00000217
0.7248442139 0.99984739
0.7251137156 1.00004151
0.7264391420 1.00026045
0.7266975329 1.00041276
0.7269670364 0.99997217
0.7272195367 0.99980780
0.7282924827 0.99979321
0.7285508609 1.00005643
0.7288203581 1.00012358
0.7290728874 0.99995150
0.7301458244 0.99989837
0.7304041799 0.99989840
0.7306736798 0.99998763
0.7309262291 1.00021023
0.7319991651 1.00019785
0.7322574980 1.00015297
0.7325270015 0.99996299
0.7338525159 0.99974854
0.7341108169 1.00000378
0.7357058575 1.00009889
0.7362336440 0.99960522
0.7364862804 1.00009751
0.7378174549 0.99990465
0.7380869657 0.99996599
0.7383396392 0.99951554
0.7396707739 0.99994487
0.7399402874 0.99997313
0.7401929900 1.00004282
0.7412658725 0.99991790
0.7415240929 1.00006964
0.7417936082 0.99999540
0.7420463307 0.99998530
0.7431192142 1.00011747
0.7433774209 1.00006674
0.7436469390 1.00030034
0.7438996905 0.99996754
0.7452307308 1.00003114
0.7455002507 1.00002477
0.7457530403 1.00009612
0.7468258975 1.00042516
0.7470840498 0.99995734
0.7473535724 0.99966409
0.7476063820 0.99997113
0.7486792392 0.99967408
0.7489373779 0.99990646
0.7492069032 1.00012867
0.7494597409 0.99972850
