-0.2489381714 1.000068255 1.97388858e-05
-0.247879694 1.000136555 1.97388858e-05
-0.2468212165 0.999978725 1.97388858e-05
-0.2457627391 0.99996474 1.97388858e-05
-0.2447042617 1.00000858 1.97388858e-05
-0.2436457842 0.99992563 1.97388858e-05
-0.2415288294 1.000235877 1.97388858e-05
-0.240470352 1.000002155 1.97388858e-05
-0.2394118745 1.000105635 1.97388858e-05
-0.2383533971 0.999869715 1.97388858e-05
-0.2372949197 1.000224875 1.97388858e-05
-0.2362364423 1.000073468 1.97388858e-05
-0.2341194874 0.99976482 1.97388858e-05
-0.23306101 1.00019535 1.97388858e-05
-0.2320025325 1.00003136 1.97388858e-05
-0.2309440551 0.9999934 1.97388858e-05
-0.2298855777 1.000209525 1.97388858e-05
-0.2288271003 0.99986388 1.97388858e-05
-0.2267101454 0.99993367 1.97388858e-05
-0.225651668 0.9999633 1.97388858e-05
-0.2245931905 1.00004478 1.97388858e-05
-0.2235347131 0.999995825 1.97388858e-05
-0.2224762357 1.00047328 1.97388858e-05
-0.2214177583 1.000017487 1.97388858e-05
-0.2203592808 0.99988238 1.97388858e-05
-0.2193008034 1.00007103 1.97388858e-05
-0.2171838485 0.9999713333 1.97388858e-05
-0.2161253711 1.00006312 1.97388858e-05
-0.2150668937 0.999775745 1.97388858e-05
-0.2140084163 1.000097333 1.97388858e-05
-0.2129499388 1.0000131 1.97388858e-05
-0.2118914614 1.000097275 1.97388858e-05
-0.210832984 1.00009003 1.97388858e-05
-0.2097745066 1.00010918 1.97388858e-05
-0.2087160291 1.00007173 1.97388858e-05
-0.2076575517 0.99987021 1.97388858e-05
-0.2065990743 0.9999412 1.97388858e-05
-0.2055405968 0.99993035 1.97388858e-05
-0.2044821194 0.9999811725 1.97388858e-05
-0.203423642 1.00007368 1.97388858e-05
-0.2023651646 0.9999654733 1.97388858e-05
-0.2013066871 0.999912095 1.97388858e-05
-0.2002482097 1.00042038 1.97388858e-05
-0.1991897323 0.99998388 1.97388858e-05
-0.1981312548 1.00007372 1.97388858e-05
-0.1970727774 0.999969315 1.97388858e-05
-0.1949558226 1.000034103 1.97388858e-05
-0.1938973451 0.99998888 1.97388858e-05
-0.1928388677 0.99989095 1.97388858e-05
-0.1917803903 1.000230465 1.97388858e-05
-0.1907219128 1.00015289 1.97388858e-05
-0.1896634354 1.00009127 1.97388858e-05
-0.1875464806 0.9999527667 1.97388858e-05
-0.1864880031 0.9999564 1.97388858e-05
-0.1854295257 1.000148325 1.97388858e-05
-0.1843710483 1.0000313 1.97388858e-05
-0.1833125709 1.00004461 1.97388858e-05
-0.1822540934 1.000098967 1.97388858e-05
-0.1801371386 0.9998059133 1.97388858e-05
-0.1790786611 1.00006326 1.97388858e-05
-0.1780201837 0.999894815 1.97388858e-05
-0.1769617063 0.99998857 1.97388858e-05
-0.1759032289 1.00011063 1.97388858e-05
-0.1748447514 1.0000501 1.97388858e-05
-0.1727277966 0.999943625 1.97388858e-05
-0.1716693191 1.00001101 1.97388858e-05
-0.1706108417 1.00005028 1.97388858e-05
-0.1695523643 1.0000713 1.97388858e-05
-0.1684938869 0.99971199 1.97388858e-05
-0.1674354094 0.9999041633 1.97388858e-05
-0.1653184546 1.00006921 1.97388858e-05
-0.1642599772 1.00001356 1.97388858e-05
-0.1632014997 0.99998822 1.97388858e-05
-0.1621430223 0.999952185 1.97388858e-05
-0.1610845449 0.99995131 1.97388858e-05
-0.1600260674 0.99999608 1.97388858e-05
-0.1579091126 1.000043307 1.97388858e-05
-0.1568506352 0.99967398 1.97388858e-05
-0.1557921577 1.00007661 1.97388858e-05
-0.1547336803 0.999909515 1.97388858e-05
-0.1536752029 1.00011508 1.97388858e-05
-0.1526167254 0.99995531 1.97388858e-05
-0.1504997706 1.000154527 1.97388858e-05
-0.1483828157 1.00007585 1.97388858e-05
-0.1473243383 0.9998991 1.97388858e-05
-0.1462658609 0.99991411 1.97388858e-05
-0.1452073834 1.00017098 1.97388858e-05
-0.1430904286 0.9999212633 1.97388858e-05
-0.1420319512 1.00017977 1.97388858e-05
-0.1409734737 0.999886455 1.97388858e-05
-0.1399149963 0.99999046 1.97388858e-05
-0.1388565189 0.99981135 1.97388858e-05
-0.1377980415 0.9999864767 1.97388858e-05
-0.1356810866 1.00029204 1.97388858e-05
-0.1346226092 1.00037433 1.97388858e-05
-0.1335641317 0.99979423 1.97388858e-05
-0.1325056543 1.00022552 1.97388858e-05
-0.1314471769 1.00006738 1.97388858e-05
-0.1303886995 1.00017304 1.97388858e-05
-0.1282717446 1.000029135 1.97388858e-05
-0.1272132672 1.0001793 1.97388858e-05
-0.1261547897 0.99969052 1.97388858e-05
-0.1250963123 0.99980857 1.97388858e-05
-0.1240378349 1.00003073 1.97388858e-05
-0.1229793575 1.000039447 1.97388858e-05
-0.1208624026 0.9999727167 1.97388858e-05
-0.1198039252 0.99981105 1.97388858e-05
-0.1187454477 0.99997615 1.97388858e-05
-0.1176869703 1.000151475 1.97388858e-05
-0.1166284929 1.00002008 1.97388858e-05
-0.1155700155 0.99986155 1.97388858e-05
-0.1134530606 0.9998102967 1.97388858e-05
-0.1123945832 1.00010253 1.97388858e-05
-0.1113361058 0.999835585 1.97388858e-05
-0.1102776283 0.99992327 1.97388858e-05
-0.1092191509 1.00003806 1.97388858e-05
-0.1081606735 0.999853005 1.97388858e-05
-0.1060437186 1.000018973 1.97388858e-05
-0.1049852412 1.00012726 1.97388858e-05
-0.1039267638 0.99967423 1.97388858e-05
-0.1028682863 1.0002832 1.97388858e-05
-0.1018098089 0.99994687 1.97388858e-05
-0.1007513315 0.9998447767 1.97388858e-05
-0.09863437662 0.9998544867 1.97388858e-05
-0.09757589919 0.99977507 1.97388858e-05
-0.09651742176 0.99967983 1.97388858e-05
-0.09545894433 1.00002589 1.97388858e-05
-0.09440046691 0.99993545 1.97388858e-05
-0.09334198948 1.000039767 1.97388858e-05
-0.09122503462 1.00023051 1.97388858e-05
-0.09016655719 1.0000528 1.97388858e-05
-0.08910807977 1.00020796 1.97388858e-05
-0.08804960234 1.00016337 1.97388858e-05
-0.08699112491 1.00008401 1.97388858e-05
-0.08593264748 1.000004545 1.97388858e-05
-0.08381569263 0.9999499733 1.97388858e-05
-0.0827572152 1.00018336 1.97388858e-05
-0.08169873777 0.9999911 1.97388858e-05
-0.08064026034 0.99999556 1.97388858e-05
-0.07958178292 1.00008977 1.97388858e-05
-0.07852330549 0.99988769 1.97388858e-05
-0.07640635063 1.000100887 1.97388858e-05
-0.0753478732 1.00007264 1.97388858e-05
-0.07428939578 0.999994395 1.97388858e-05
-0.07323091835 0.99971602 1.97388858e-05
-0.07217244092 1.00025431 1.97388858e-05
-0.07111396349 1.00008803 1.97388858e-05
-0.06899700864 0.9999998633 1.97388858e-05
-0.06793853121 0.99976386 1.97388858e-05
-0.06688005378 1.000005545 1.97388858e-05
-0.06582157635 1.0000022 1.97388858e-05
-0.06476309892 0.99982875 1.97388858e-05
-0.0637046215 1.00003956 1.97388858e-05
-0.06158766664 0.9997848567 1.97388858e-05
-0.06052918921 1.00018989 1.97388858e-05
-0.05947071178 0.99987527 1.97388858e-05
-0.05841223436 0.99990947 1.97388858e-05
-0.05735375693 1.00016616 1.97388858e-05
-0.0562952795 1.000099663 1.97388858e-05
-0.05417832464 1.000003013 1.97388858e-05
-0.05311984722 0.99993716 1.97388858e-05
-0.05206136979 0.999890255 1.97388858e-05
-0.05100289236 1.000136445 1.97388858e-05
-0.04994441493 0.99979592 1.97388858e-05
-0.0488859375 0.9997702133 1.97388858e-05
-0.04676898265 0.9999146933 1.97388858e-05
-0.04571050522 0.99993813 1.97388858e-05
-0.04465202779 0.99999099 1.97388858e-05
-0.04359355037 1.000257825 1.97388858e-05
-0.04253507294 0.99998447 1.97388858e-05
-0.04147659551 1.00012624 1.97388858e-05
-0.03935964065 0.99984512 1.97388858e-05
-0.03830116323 1.00022895 1.97388858e-05
-0.0372426858 0.999996965 1.97388858e-05
-0.03618420837 1.000089895 1.97388858e-05
-0.03512573094 0.99998579 1.97388858e-05
-0.03406725351 0.9999750133 1.97388858e-05
-0.03195029866 0.999903725 1.97388858e-05
-0.03089182123 1.00006807 1.97388858e-05
-0.0298333438 0.999987865 1.97388858e-05
-0.02877486637 1.000122035 1.97388858e-05
-0.02771638895 1.00004976 1.97388858e-05
-0.02665791152 0.9998812467 1.97388858e-05
-0.02454095666 1.000327627 1.97388858e-05
-0.02348247923 1.00012677 1.97388858e-05
-0.02242400181 1.00021294 1.97388858e-05
-0.02136552438 0.99985651 1.97388858e-05
-0.02030704695 1.00011359 1.97388858e-05
-0.01924856952 1.0001203 1.97388858e-05
-0.01713161467 0.9999817133 1.97388858e-05
-0.01607313724 1.00051561 1.97388858e-05
-0.01501465981 0.99995169 1.97388858e-05
-0.01395618238 1.000284135 1.97388858e-05
-0.01289770495 0.99988352 1.97388858e-05
-0.01183922753 0.9999789033 1.97388858e-05
-0.009722272671 0.9999595933 1.97388858e-05
-0.008663795243 1.00015062 1.97388858e-05
-0.007605317815 1.00001437 1.97388858e-05
-0.006546840387 1.000026 1.97388858e-05
-0.005488362959 1.00028754 1.97388858e-05
-0.004429885531 0.9994078267 1.97388858e-05
-0.002312930675 0.9983812767 1.97388858e-05
-0.001254453247 0.99858563 1.97388858e-05
-0.0001959758195 0.998077775 1.97388858e-05
0.0008625016084 0.99821015 1.97388858e-05
0.001920979036 0.99818886 1.97388858e-05
0.002979456464 0.99840366 1.97388858e-05
0.00509641132 0.99994714 1.97388858e-05
0.006154888748 0.9999067 1.97388858e-05
0.007213366176 0.99991585 1.97388858e-05
0.008271843604 0.999975765 1.97388858e-05
0.009330321032 1.00023461 1.97388858e-05
0.01038879846 0.9999878867 1.97388858e-05
0.01250575332 1.000226763 1.97388858e-05
0.01356423074 1.00007398 1.97388858e-05
0.01462270817 0.99996868 1.97388858e-05
0.0156811856 1.000123805 1.97388858e-05
0.01673966303 1.00032288 1.97388858e-05
0.01779814046 1.00040038 1.97388858e-05
0.01991509531 0.99985215 1.97388858e-05
0.02097357274 1.00022682 1.97388858e-05
0.02203205017 1.00016279 1.97388858e-05
0.0230905276 0.99987744 1.97388858e-05
0.02414900502 0.9999563 1.97388858e-05
0.02520748245 1.000200385 1.97388858e-05
0.02732443731 0.9999460367 1.97388858e-05
0.02838291473 0.99987855 1.97388858e-05
0.02944139216 0.99982427 1.97388858e-05
0.03049986959 0.999935185 1.97388858e-05
0.03155834702 0.99988147 1.97388858e-05
0.03261682445 1.00031202 1.97388858e-05
0.0347337793 1.000012063 1.97388858e-05
0.03579225673 0.99983428 1.97388858e-05
0.03685073416 0.999874465 1.97388858e-05
0.03790921159 0.99998261 1.97388858e-05
0.03896768901 1.00018429 1.97388858e-05
0.04002616644 0.99989004 1.97388858e-05
0.0421431213 1.00004266 1.97388858e-05
0.04320159873 1.00004877 1.97388858e-05
0.04426007615 1.00057682 1.97388858e-05
0.04531855358 1.00005581 1.97388858e-05
0.04637703101 1.00017713 1.97388858e-05
0.04743550844 1.000256445 1.97388858e-05
0.04955246329 0.9999823833 1.97388858e-05
0.05061094072 0.99979459 1.97388858e-05
0.05166941815 0.99994087 1.97388858e-05
0.05272789558 1.000156105 1.97388858e-05
0.05378637301 1.00027317 1.97388858e-05
0.05484485043 1.000103697 1.97388858e-05
0.05696180529 1.00009374 1.97388858e-05
0.05802028272 0.99989739 1.97388858e-05
0.05907876015 0.999455915 1.97388858e-05
0.06013723757 0.99994714 1.97388858e-05
0.061195715 0.99935617 1.97388858e-05
0.06225419243 0.9997836233 1.97388858e-05
0.06437114728 1.00011411 1.97388858e-05
0.06542962471 1.00000016 1.97388858e-05
0.06648810214 0.999785905 1.97388858e-05
0.06754657957 0.99999654 1.97388858e-05
0.068605057 0.99983816 1.97388858e-05
0.06966353442 0.99990105 1.97388858e-05
0.07178048928 1.00004988 1.97388858e-05
0.07283896671 0.99988659 1.97388858e-05
0.07389744414 0.99998535 1.97388858e-05
0.07495592156 1.000015495 1.97388858e-05
0.07601439899 0.99995291 1.97388858e-05
0.07707287642 0.9999706567 1.97388858e-05
0.07918983128 1.0000226 1.97388858e-05
0.08130678613 1.000101635 1.97388858e-05
0.08236526356 0.99973313 1.97388858e-05
0.08342374099 1.00009875 1.97388858e-05
0.08448221842 1.000105613 1.97388858e-05
0.08659917327 1.000073733 1.97388858e-05
0.0876576507 1.00007482 1.97388858e-05
0.08871612813 1.00007843 1.97388858e-05
0.08977460556 0.9999869 1.97388858e-05
0.09189156041 1.00011903 1.97388858e-05
0.09400851527 1.000079697 1.97388858e-05
0.0950669927 1.00012976 1.97388858e-05
0.09612547012 0.999903085 1.97388858e-05
0.09718394755 0.999779365 1.97388858e-05
0.09824242498 1.0000189 1.97388858e-05
0.09930090241 0.999843205 1.97388858e-05
0.1014178573 0.999913495 1.97388858e-05
0.1024763347 0.99993465 1.97388858e-05
0.1035348121 0.99986089 1.97388858e-05
0.1045932895 0.999956595 1.97388858e-05
0.1067102444 1.00013818 1.97388858e-05
0.1088271993 1.00002642 1.97388858e-05
0.1109441541 0.99974639 1.97388858e-05
0.1120026315 0.999982055 1.97388858e-05
0.113061109 1.0001502 1.97388858e-05
0.1141195864 1.00022445 1.97388858e-05
0.1162365413 0.99994508 1.97388858e-05
0.1172950187 0.99996772 1.97388858e-05
0.1183534961 1.00026846 1.97388858e-05
0.1194119735 1.000025185 1.97388858e-05
0.120470451 0.99998182 1.97388858e-05
0.1215289284 1.000202067 1.97388858e-05
0.1236458832 0.9998632833 1.97388858e-05
0.1247043607 0.99996315 1.97388858e-05
0.1257628381 0.99991516 1.97388858e-05
0.1268213155 1.0002636 1.97388858e-05
0.127879793 0.99988587 1.97388858e-05
0.1289382704 0.99992394 1.97388858e-05
0.1310552252 0.999762605 1.97388858e-05
0.1321137027 0.9994953 1.97388858e-05
0.1331721801 0.99995009 1.97388858e-05
0.1342306575 1.00013111 1.97388858e-05
0.135289135 0.99967978 1.97388858e-05
0.1363476124 1.00013512 1.97388858e-05
0.1384645672 1.000149017 1.97388858e-05
0.1395230447 0.99999238 1.97388858e-05
0.1405815221 0.99995396 1.97388858e-05
0.1416399995 0.999983255 1.97388858e-05
0.142698477 0.99993866 1.97388858e-05
0.1437569544 0.9999403033 1.97388858e-05
0.1458739092 1.000211343 1.97388858e-05
0.1469323867 1.00003516 1.97388858e-05
0.1479908641 1.000018435 1.97388858e-05
0.1490493415 1.000040895 1.97388858e-05
0.1501078189 1.0002322 1.97388858e-05
0.1511662964 0.99993646 1.97388858e-05
0.1532832512 1.00021325 1.97388858e-05
0.1543417287 1.00006725 1.97388858e-05
0.1554002061 0.99988501 1.97388858e-05
0.1564586835 1.000238795 1.97388858e-05
0.1575171609 1.00006231 1.97388858e-05
0.1585756384 1.00006523 1.97388858e-05
0.1606925932 0.99982574 1.97388858e-05
0.1617510707 1.00004437 1.97388858e-05
0.1628095481 1.000049755 1.97388858e-05
0.1638680255 0.99990696 1.97388858e-05
0.1649265029 0.99975729 1.97388858e-05
0.1659849804 1.00001369 1.97388858e-05
0.1681019352 0.9999621133 1.97388858e-05
0.1691604127 0.99993561 1.97388858e-05
0.1702188901 1.00017105 1.97388858e-05
0.1712773675 0.99987765 1.97388858e-05
0.1723358449 1.00017981 1.97388858e-05
0.1733943224 1.00013178 1.97388858e-05
0.1755112772 0.99985264 1.97388858e-05
0.1776282321 1.00002842 1.97388858e-05
0.1786867095 0.99970818 1.97388858e-05
0.1797451869 0.99970156 1.97388858e-05
0.1808036644 0.999542075 1.97388858e-05
0.1829206192 0.9998754733 1.97388858e-05
0.1839790966 1.00017877 1.97388858e-05
0.1850375741 1.000103315 1.97388858e-05
0.1860960515 0.999867205 1.97388858e-05
0.1871545289 0.99993143 1.97388858e-05
0.1882130064 0.9997330467 1.97388858e-05
0.1903299612 1.000094503 1.97388858e-05
0.1913884386 0.99998385 1.97388858e-05
0.1924469161 0.999953825 1.97388858e-05
0.1935053935 1.000059895 1.97388858e-05
0.1945638709 1.00007093 1.97388858e-05
0.1956223483 1.00000362 1.97388858e-05
0.1977393032 0.99987538 1.97388858e-05
0.1987977806 0.99989644 1.97388858e-05
0.1998562581 0.999966095 1.97388858e-05
0.2009147355 0.99976589 1.97388858e-05
0.2019732129 0.99982676 1.97388858e-05
0.2030316903 0.999953305 1.97388858e-05
0.2051486452 0.9999405067 1.97388858e-05
0.2062071226 1.00027288 1.97388858e-05
0.2072656001 1.000156115 1.97388858e-05
0.2083240775 0.9998891 1.97388858e-05
0.2093825549 1.00011913 1.97388858e-05
0.2104410323 0.9999333967 1.97388858e-05
0.2125579872 1.000061553 1.97388858e-05
0.2136164646 1.00020987 1.97388858e-05
0.2146749421 1.00037881 1.97388858e-05
0.2157334195 1.000128245 1.97388858e-05
0.2167918969 0.99993831 1.97388858e-05
0.2178503743 0.9999935933 1.97388858e-05
0.2199673292 1.000042807 1.97388858e-05
0.2210258066 1.00002313 1.97388858e-05
0.222084284 1.000059605 1.97388858e-05
0.2231427615 1.00001987 1.97388858e-05
0.2242012389 1.00009248 1.97388858e-05
0.2252597163 1.000056165 1.97388858e-05
0.2273766712 1.00004594 1.97388858e-05
0.2284351486 1.00006449 1.97388858e-05
0.229493626 0.99967213 1.97388858e-05
0.2305521035 0.99985597 1.97388858e-05
0.2316105809 0.99929302 1.97388858e-05
0.2326690583 0.999876805 1.97388858e-05
0.2347860132 1.00000104 1.97388858e-05
0.2358444906 0.99994852 1.97388858e-05
0.236902968 0.999484225 1.97388858e-05
0.2379614455 1.00017391 1.97388858e-05
0.2390199229 0.99975449 1.97388858e-05
0.2400784003 0.9999313967 1.97388858e-05
0.2421953552 0.9999426667 1.97388858e-05
0.2432538326 1.00009126 1.97388858e-05
0.24431231 0.99995121 1.97388858e-05
0.2453707875 1.00001163 1.97388858e-05
0.2464292649 1.00032847 1.97388858e-05
0.2474877423 0.99987799 1.97388858e-05
0.2496046972 1.000064007 1.97388858e-05
0.2506631746 0.9998167 1.97388858e-05
0.251721652 1.000189195 1.97388858e-05
0.2527801295 1.00015535 1.97388858e-05
0.2538386069 0.99997645 1.97388858e-05
0.2548970843 0.9999467333 1.97388858e-05
0.2570140392 0.99989372 1.97388858e-05
0.2580725166 0.99996203 1.97388858e-05
0.259130994 1.00002095 1.97388858e-05
0.2601894715 1.00000266 1.97388858e-05
0.2612479489 0.999950495 1.97388858e-05
0.2623064263 0.99990035 1.97388858e-05
0.2633649037 1.00021612 1.97388858e-05
0.2644233812 1.00007779 1.97388858e-05
0.266540336 0.999989095 1.97388858e-05
0.2675988134 0.99983398 1.97388858e-05
0.2686572909 1.000008605 1.97388858e-05
0.2697157683 1.00040264 1.97388858e-05
0.2707742457 0.99995297 1.97388858e-05
0.2718327232 0.9999883633 1.97388858e-05
0.273949678 1.00003696 1.97388858e-05
0.2750081554 0.99989423 1.97388858e-05
0.2760666329 1.000034455 1.97388858e-05
0.2771251103 1.00009212 1.97388858e-05
0.2781835877 1.00011216 1.97388858e-05
0.2792420652 0.99990331 1.97388858e-05
0.28135902 1.000094143 1.97388858e-05
0.2824174974 1.00009284 1.97388858e-05
0.2834759749 0.999948165 1.97388858e-05
0.2845344523 0.999986185 1.97388858e-05
0.2855929297 0.99978988 1.97388858e-05
0.2866514072 1.000057117 1.97388858e-05
0.288768362 1.000123575 1.97388858e-05
0.2898268394 0.9998809 1.97388858e-05
0.2908853169 0.99998448 1.97388858e-05
0.2919437943 0.99984046 1.97388858e-05
0.2930022717 0.99983708 1.97388858e-05
0.2940607491 1.000117257 1.97388858e-05
0.296177704 1.00007512 1.97388858e-05
0.2972361814 1.00009487 1.97388858e-05
0.2982946589 1.00006888 1.97388858e-05
0.2993531363 1.000182305 1.97388858e-05
0.3004116137 0.99990691 1.97388858e-05
0.3014700911 1.000155267 1.97388858e-05
0.303587046 0.9999172 1.97388858e-05
0.3046455234 0.99989382 1.97388858e-05
0.3057040009 0.999928445 1.97388858e-05
0.3067624783 1.00010207 1.97388858e-05
0.3078209557 0.99981236 1.97388858e-05
0.3088794331 1.000045163 1.97388858e-05
0.310996388 1.000164817 1.97388858e-05
0.3120548654 1.00006093 1.97388858e-05
0.3131133429 0.99993365 1.97388858e-05
0.3152302977 0.99990261 1.97388858e-05
0.3162887751 0.99990724 1.97388858e-05
0.31840573 1.00003811 1.97388858e-05
0.3194642074 1.00013656 1.97388858e-05
0.3205226848 1.000153295 1.97388858e-05
0.3215811623 1.000074625 1.97388858e-05
0.3226396397 0.99996359 1.97388858e-05
0.3236981171 1.000180763 1.97388858e-05
0.325815072 0.99993726 1.97388858e-05
0.3268735494 0.99967572 1.97388858e-05
0.3279320268 1.000028985 1.97388858e-05
0.3289905043 0.999996195 1.97388858e-05
0.3300489817 1.00016219 1.97388858e-05
0.3311074591 1.000003343 1.97388858e-05
0.333224414 1.000025925 1.97388858e-05
0.3342828914 1.00003947 1.97388858e-05
0.3353413688 0.99962971 1.97388858e-05
0.3363998463 0.99995549 1.97388858e-05
0.3374583237 0.99984373 1.97388858e-05
0.3385168011 0.9999415367 1.97388858e-05
0.340633756 0.99989586 1.97388858e-05
0.3416922334 0.99995399 1.97388858e-05
0.3427507108 1.000038715 1.97388858e-05
0.3438091883 1.0001043 1.97388858e-05
0.3448676657 0.99997689 1.97388858e-05
0.3459261431 1.000010963 1.97388858e-05
0.348043098 1.00005097 1.97388858e-05
0.3491015754 0.99971334 1.97388858e-05
0.3501600528 0.999888315 1.97388858e-05
0.3512185303 1.000028395 1.97388858e-05
0.3522770077 0.9999349 1.97388858e-05
0.3533354851 0.9999749667 1.97388858e-05
0.35545244 0.999832685 1.97388858e-05
0.3565109174 1.00000361 1.97388858e-05
0.3575693948 0.99998771 1.97388858e-05
0.3586278723 1.00009809 1.97388858e-05
0.3596863497 1.00021727 1.97388858e-05
0.3607448271 0.999781775 1.97388858e-05
0.362861782 1.000260343 1.97388858e-05
0.3639202594 1.00022278 1.97388858e-05
0.3649787368 0.999972765 1.97388858e-05
0.3660372142 1.00009888 1.97388858e-05
0.3670956917 0.99996281 1.97388858e-05
0.3681541691 1.00003252 1.97388858e-05
0.370271124 0.99992441 1.97388858e-05
0.3713296014 0.99988722 1.97388858e-05
0.3723880788 0.99991494 1.97388858e-05
0.3734465562 0.999860095 1.97388858e-05
0.3745050337 0.9998084 1.97388858e-05
0.3755635111 0.9998178933 1.97388858e-05
0.377680466 1.000155937 1.97388858e-05
0.3787389434 1.00018799 1.97388858e-05
0.3797974208 1.000138365 1.97388858e-05
0.3808558982 0.999984695 1.97388858e-05
0.3819143757 0.99989871 1.97388858e-05
0.3829728531 1.000024887 1.97388858e-05
0.385089808 1.000199003 1.97388858e-05
0.3861482854 0.99988713 1.97388858e-05
0.3872067628 0.9999728 1.97388858e-05
0.3882652402 1.00004181 1.97388858e-05
0.3893237177 1.00018798 1.97388858e-05
0.3903821951 1.000051303 1.97388858e-05
0.3924991499 1.000002963 1.97388858e-05
0.3935576274 1.00001439 1.97388858e-05
0.3946161048 1.00008109 1.97388858e-05
0.3956745822 0.999829875 1.97388858e-05
0.3967330597 0.99982953 1.97388858e-05
0.3977915371 1.000106703 1.97388858e-05
0.3999084919 1.000042545 1.97388858e-05
0.4009669694 1.00018136 1.97388858e-05
0.4020254468 0.99974693 1.97388858e-05
0.4030839242 0.99975115 1.97388858e-05
0.4041424017 0.99989903 1.97388858e-05
0.4052008791 0.99986685 1.97388858e-05
0.4073178339 0.99987434 1.97388858e-05
0.4083763114 0.9994195 1.97388858e-05
0.4094347888 1.000087005 1.97388858e-05
0.4104932662 0.9997682 1.97388858e-05
0.4115517437 1.0002679 1.97388858e-05
0.4126102211 0.9998434867 1.97388858e-05
0.4147271759 1.00003636 1.97388858e-05
0.4157856534 0.99999324 1.97388858e-05
0.4168441308 0.999952215 1.97388858e-05
0.4179026082 0.99998263 1.97388858e-05
0.4189610856 1.00009312 1.97388858e-05
0.4200195631 1.00014788 1.97388858e-05
0.4221365179 0.999817535 1.97388858e-05
0.4231949954 0.99996836 1.97388858e-05
0.4242534728 0.999987695 1.97388858e-05
0.4253119502 1.00019894 1.97388858e-05
0.4263704276 0.99979971 1.97388858e-05
0.4274289051 1.00008619 1.97388858e-05
0.4295458599 0.9999629067 1.97388858e-05
0.4306043374 1.00049179 1.97388858e-05
0.4316628148 1.000096025 1.97388858e-05
0.4327212922 0.99996116 1.97388858e-05
0.4337797696 1.00043585 1.97388858e-05
0.4348382471 1.00004354 1.97388858e-05
0.4369552019 0.99994434 1.97388858e-05
0.4380136793 1.00001913 1.97388858e-05
0.4390721568 1.00013839 1.97388858e-05
0.4401306342 0.999961105 1.97388858e-05
0.4411891116 0.99997464 1.97388858e-05
0.4422475891 1.000186603 1.97388858e-05
0.4443645439 1.00013167 1.97388858e-05
0.4454230213 0.99975549 1.97388858e-05
0.4464814988 0.99984668 1.97388858e-05
0.4475399762 0.99991252 1.97388858e-05
0.4485984536 1.00015354 1.97388858e-05
0.4496569311 1.000032983 1.97388858e-05
0.4517738859 1.00008271 1.97388858e-05
0.4528323633 1.00010316 1.97388858e-05
0.4538908408 0.999953315 1.97388858e-05
0.4549493182 1.000053415 1.97388858e-05
0.4560077956 0.99990051 1.97388858e-05
0.4570662731 1.00003821 1.97388858e-05
0.4591832279 0.9997763767 1.97388858e-05
0.4602417053 1.00003551 1.97388858e-05
0.4613001828 0.999938185 1.97388858e-05
0.4623586602 1.00002562 1.97388858e-05
0.4634171376 1.00017943 1.97388858e-05
0.464475615 0.99999221 1.97388858e-05
0.4665925699 1.000103733 1.97388858e-05
0.4676510473 0.99986084 1.97388858e-05
0.4687095248 0.99971904 1.97388858e-05
0.4697680022 0.99939607 1.97388858e-05
0.4708264796 1.00002984 1.97388858e-05
0.471884957 0.99968136 1.97388858e-05
0.4740019119 0.9997673833 1.97388858e-05
0.4750603893 1.00013946 1.97388858e-05
0.4761188668 1.000349965 1.97388858e-05
0.4771773442 1.00013913 1.97388858e-05
0.4782358216 0.99987855 1.97388858e-05
0.479294299 1.000029773 1.97388858e-05
0.4814112539 1.0000026 1.97388858e-05
0.4824697313 1.00006041 1.97388858e-05
0.4835282088 0.99995962 1.97388858e-05
0.4845866862 0.99996871 1.97388858e-05
0.4856451636 0.99992786 1.97388858e-05
0.486703641 1.000019047 1.97388858e-05
0.4888205959 1.0002167 1.97388858e-05
0.4898790733 0.99997297 1.97388858e-05
0.4909375507 1.00032203 1.97388858e-05
0.4919960282 1.00009749 1.97388858e-05
0.4930545056 1.0000324 1.97388858e-05
0.494112983 0.99991805 1.97388858e-05
0.4962299379 0.99994093 1.97388858e-05
0.4972884153 1.0000952 1.97388858e-05
0.4983468927 1.00009458 1.97388858e-05
0.4994053702 1.000218155 1.97388858e-05
0.5004638476 0.9999136833 1.97388858e-05
0.501522325 0.99948707 1.97388858e-05
0.5025808025 0.99982911 1.97388858e-05
0.5036392799 1.00024968 1.97388858e-05
0.5046977573 1.000052647 1.97388858e-05
0.5057562347 1.000039335 1.97388858e-05
0.5068147122 1.000226885 1.97388858e-05
0.5078731896 0.9998924467 1.97388858e-05
0.508931667 1.00014832 1.97388858e-05
0.5099901444 0.9999761933 1.97388858e-05
0.5110486219 1.00005961 1.97388858e-05
0.5121070993 0.99992743 1.97388858e-05
0.5131655767 1.00026828 1.97388858e-05
0.5142240542 0.99985905 1.97388858e-05
0.5152825316 1.000085225 1.97388858e-05
0.516341009 0.99988975 1.97388858e-05
0.5173994864 1.000085663 1.97388858e-05
0.5184579639 0.9998504 1.97388858e-05
0.5195164413 1.00005503 1.97388858e-05
0.5205749187 1.00004925 1.97388858e-05
0.5216333962 1.000088285 1.97388858e-05
0.5226918736 0.9999212967 1.97388858e-05
0.523750351 1.00028442 1.97388858e-05
0.5248088284 0.9999423767 1.97388858e-05
0.5258673059 0.9994075 1.97388858e-05
0.5269257833 0.9998897367 1.97388858e-05
0.5279842607 1.000086175 1.97388858e-05
0.5290427382 0.99998356 1.97388858e-05
0.5301012156 1.00002309 1.97388858e-05
0.531159693 0.99991189 1.97388858e-05
0.5322181704 0.99989983 1.97388858e-05
0.5332766479 0.99974635 1.97388858e-05
0.5343351253 0.9999978433 1.97388858e-05
0.5353936027 0.99999129 1.97388858e-05
0.5364520801 1.000007055 1.97388858e-05
0.5375105576 1.00001638 1.97388858e-05
0.538569035 1.00020161 1.97388858e-05
0.5396275124 1.000008638 1.97388858e-05
0.5406859899 1.00024333 1.97388858e-05
0.5417444673 1.000257247 1.97388858e-05
0.5428029447 1.00002878 1.97388858e-05
0.5438614221 1.000176325 1.97388858e-05
0.5449198996 1.00002124 1.97388858e-05
0.545978377 0.999963 1.97388858e-05
0.5470368544 0.999892225 1.97388858e-05
0.5480953319 0.99990334 1.97388858e-05
0.5491538093 0.99999752 1.97388858e-05
0.5502122867 0.99998743 1.97388858e-05
0.5512707641 1.000117845 1.97388858e-05
0.5523292416 0.9999365067 1.97388858e-05
0.553387719 0.99989169 1.97388858e-05
0.5544461964 1.00004825 1.97388858e-05
0.5555046739 0.99990869 1.97388858e-05
0.5565631513 0.99992667 1.97388858e-05
0.5576216287 1.00006855 1.97388858e-05
0.5586801061 0.999881085 1.97388858e-05
0.5597385836 1.000092125 1.97388858e-05
0.560797061 1.00000016 1.97388858e-05
0.5618555384 0.999950985 1.97388858e-05
0.5629140158 1.00003654 1.97388858e-05
0.5639724933 1.000190777 1.97388858e-05
0.5650309707 0.99987593 1.97388858e-05
0.5660894481 1.00000148 1.97388858e-05
0.5671479256 1.000039803 1.97388858e-05
0.568206403 1.00041008 1.97388858e-05
0.5692648804 1.000026243 1.97388858e-05
0.5703233578 0.99994995 1.97388858e-05
0.5713818353 0.99992766 1.97388858e-05
0.5724403127 0.999602065 1.97388858e-05
0.5734987901 0.99965864 1.97388858e-05
0.5745572676 1.000147985 1.97388858e-05
0.575615745 1.00000099 1.97388858e-05
0.5766742224 0.9998311333 1.97388858e-05
0.5777326998 0.99971473 1.97388858e-05
0.5787911773 1.000197015 1.97388858e-05
0.5809081321 0.99989088 1.97388858e-05
0.5819666095 0.99991842 1.97388858e-05
0.583025087 0.99991219 1.97388858e-05
0.5840835644 1.00001843 1.97388858e-05
0.5851420418 1.00021251 1.97388858e-05
0.5862005193 1.00015143 1.97388858e-05
0.5872589967 0.999807175 1.97388858e-05
0.5883174741 0.999916105 1.97388858e-05
0.5893759515 0.9999129033 1.97388858e-05
0.590434429 0.99990705 1.97388858e-05
0.5914929064 0.9999946825 1.97388858e-05
0.5925513838 0.99998111 1.97388858e-05
0.5936098613 0.9999705633 1.97388858e-05
0.5946683387 1.000059355 1.97388858e-05
0.5957268161 1.000049305 1.97388858e-05
0.5967852935 0.99993043 1.97388858e-05
0.597843771 0.99992258 1.97388858e-05
0.5989022484 1.000123883 1.97388858e-05
0.5999607258 1.00055664 1.97388858e-05
0.6010192033 1.000190193 1.97388858e-05
0.6020776807 1.00010114 1.97388858e-05
0.6031361581 0.99973195 1.97388858e-05
0.6041946355 1.000099155 1.97388858e-05
0.6063115904 0.99999826 1.97388858e-05
0.6084285452 0.99995082 1.97388858e-05
0.6094870227 0.99979031 1.97388858e-05
0.6105455001 0.999895465 1.97388858e-05
0.6116039775 1.00012329 1.97388858e-05
0.612662455 0.99992311 1.97388858e-05
0.6137209324 0.99985719 1.97388858e-05
0.6158378872 0.9998861533 1.97388858e-05
0.6168963647 0.99966882 1.97388858e-05
0.6179548421 1.000188385 1.97388858e-05
0.6190133195 1.000278435 1.97388858e-05
0.620071797 1.00048107 1.97388858e-05
0.6211302744 1.000029043 1.97388858e-05
0.6232472292 1.000199465 1.97388858e-05
0.6264226615 1.00020784 1.97388858e-05
0.627481139 1.00009911 1.97388858e-05
0.6285396164 0.99999598 1.97388858e-05
0.6295980938 0.99975213 1.97388858e-05
0.6306565712 1.000016707 1.97388858e-05
0.6317150487 1.000126455 1.97388858e-05
0.6327735261 1.00004883 1.97388858e-05
0.6338320035 0.99997802 1.97388858e-05
0.6348904809 0.99992619 1.97388858e-05
0.6359489584 1.000067862 1.97388858e-05
0.6370074358 1.0000289 1.97388858e-05
0.6380659132 0.99994286 1.97388858e-05
0.6391243907 1.0001691 1.97388858e-05
0.6401828681 1.00003717 1.97388858e-05
0.6412413455 0.999867075 1.97388858e-05
0.6422998229 1.00006292 1.97388858e-05
0.6433583004 0.9999421933 1.97388858e-05
0.6444167778 1.00000792 1.97388858e-05
0.6454752552 1.00002671 1.97388858e-05
0.6465337327 1.0003546 1.97388858e-05
0.6475922101 1.00002419 1.97388858e-05
0.6486506875 0.99997253 1.97388858e-05
0.6497091649 0.9998919 1.97388858e-05
0.6507676424 1.000034107 1.97388858e-05
0.6518261198 0.99992164 1.97388858e-05
0.6528845972 1.00001108 1.97388858e-05
0.6539430746 0.999965805 1.97388858e-05
0.6550015521 1.0002378 1.97388858e-05
0.6560600295 0.9998803367 1.97388858e-05
0.6571185069 0.99993712 1.97388858e-05
0.6581769844 0.9999874 1.97388858e-05
0.6592354618 0.99979772 1.97388858e-05
0.6602939392 1.00008165 1.97388858e-05
0.6613524166 0.999994695 1.97388858e-05
0.6624108941 0.999759325 1.97388858e-05
0.6634693715 1.00005754 1.97388858e-05
0.6655863264 1.000034537 1.97388858e-05
0.6666448038 0.99998212 1.97388858e-05
0.6677032812 0.9998459067 1.97388858e-05
0.6687617586 0.99995288 1.97388858e-05
0.6698202361 1.000038585 1.97388858e-05
0.6708787135 0.99999569 1.97388858e-05
0.6719371909 1.00019155 1.97388858e-05
0.6729956684 1.000037623 1.97388858e-05
0.6740541458 1.00000145 1.97388858e-05
0.6751126232 0.99991256 1.97388858e-05
0.6761711006 0.999925335 1.97388858e-05
0.6772295781 0.999958175 1.97388858e-05
0.6782880555 1.0001392 1.97388858e-05
0.6793465329 1.00005408 1.97388858e-05
0.6804050103 0.99990684 1.97388858e-05
0.6814634878 1.00010948 1.97388858e-05
0.6825219652 0.9999891033 1.97388858e-05
0.6835804426 1.000058825 1.97388858e-05
0.6846389201 1.000052165 1.97388858e-05
0.6856973975 1.00009094 1.97388858e-05
0.6867558749 1.00006053 1.97388858e-05
0.6878143523 1.000087333 1.97388858e-05
0.6888728298 0.99982972 1.97388858e-05
0.6899313072 0.99995508 1.97388858e-05
0.6909897846 1.00005373 1.97388858e-05
0.6920482621 1.00018913 1.97388858e-05
0.6931067395 1.00000744 1.97388858e-05
0.6941652169 1.00005827 1.97388858e-05
0.6952236943 0.9999632825 1.97388858e-05
0.6962821718 0.99990338 1.97388858e-05
0.6973406492 0.99986445 1.97388858e-05
0.6983991266 0.999960145 1.97388858e-05
0.6994576041 0.999988445 1.97388858e-05
0.7005160815 1.00006369 1.97388858e-05
0.7015745589 0.99999687 1.97388858e-05
0.7026330363 1.00007527 1.97388858e-05
0.7036915138 1.00008175 1.97388858e-05
0.7047499912 1.000146297 1.97388858e-05
0.7058084686 0.999979215 1.97388858e-05
0.706866946 0.999751755 1.97388858e-05
0.7079254235 0.9998313467 1.97388858e-05
0.7089839009 1.00001527 1.97388858e-05
0.7100423783 1.000013487 1.97388858e-05
0.7111008558 1.00015222 1.97388858e-05
0.7121593332 1.000174737 1.97388858e-05
0.7132178106 1.00000568 1.97388858e-05
0.714276288 1.00006693 1.97388858e-05
0.7153347655 1.000194995 1.97388858e-05
0.7163932429 0.99983265 1.97388858e-05
0.7174517203 1.000039523 1.97388858e-05
0.7185101978 0.99996395 1.97388858e-05
0.7195686752 1.0000207 1.97388858e-05
0.7206271526 1.00000499 1.97388858e-05
0.72168563 0.99993152 1.97388858e-05
0.7227441075 1.00000086 1.97388858e-05
0.7238025849 0.99996204 1.97388858e-05
0.7248610623 0.99996369 1.97388858e-05
0.7259195397 1.00026045 1.97388858e-05
0.7269780172 1.000064243 1.97388858e-05
0.7280364946 0.99992482 1.97388858e-05
0.729094972 1.00003754 1.97388858e-05
0.7301534495 0.9999281333 1.97388858e-05
0.7312119269 1.00021023 1.97388858e-05
0.7322704043 1.000104603 1.97388858e-05
0.7333288817 0.99974854 1.97388858e-05
0.7343873592 1.00000378 1.97388858e-05
0.7354458366 1.00009889 1.97388858e-05
0.736504314 0.999851365 1.97388858e-05
0.7375627915 0.99993532 1.97388858e-05
0.7386212689 0.99951554 1.97388858e-05
0.7396797463 0.99998694 1.97388858e-05
0.7407382237 0.9999179 1.97388858e-05
0.7417967012 1.00001678 1.97388858e-05
0.7428551786 1.000092105 1.97388858e-05
0.743913656 1.00013394 1.97388858e-05
0.7449721335 1.000027955 1.97388858e-05
0.7460306109 1.00009612 1.97388858e-05
0.7470890883 1.00000443 1.97388858e-05
0.7492060432 0.9998594275 1.97388858e-05
