-0.2497361330  0.99979750 0.99998859
-0.2495021735  1.00001862 0.99998859
-0.2484147803  1.00026156 0.99998859
-0.2481476089  0.99990933 0.99998859
-0.2478828004  0.99982283 0.99998859
-0.2476488092  1.00019838 0.99998859
-0.2465614441  1.00013761 0.99998859
-0.2447081161  0.99999751 0.99998859
-0.2439420524  0.99964746 0.99998859
-0.2428547980  0.99996511 0.99998859
-0.2423228035  1.00004089 0.99998859
-0.2420886790  0.99996885 0.99998859
-0.2404694800  1.00004784 0.99998859
-0.2402353056  1.00016551 0.99998859
-0.2391481337  0.99988510 0.99998859
-0.2388810158  1.00042034 0.99998859
-0.2386161383  0.99988095 0.99998859
-0.2383819322  1.00005831 0.99998859
-0.2372948066  1.00035836 0.99998859
-0.2370276995  1.00017255 0.99998859
-0.2367628067  1.00002034 0.99998859
-0.2365285588  0.99988874 0.99998859
-0.2354414785  1.00053362 0.99998859
-0.2351743914  1.00004946 0.99998859
-0.2349094832  1.00004902 0.99998859
-0.2346751854  0.99995834 0.99998859
-0.2335881505  0.99998769 0.99998859
-0.2333210743  0.99985022 0.99998859
-0.2330561424  0.99993612 0.99998859
-0.2328218120  1.00015589 0.99998859
-0.2317348233  0.99992184 0.99998859
-0.2314677580  0.99965356 0.99998859
-0.2312028098  1.00011308 0.99998859
-0.2309684386  1.00019880 0.99998859
-0.2298814953  1.00003026 0.99998859
-0.2296144408  0.99968525 0.99998859
-0.2293494772  0.99997306 0.99998859
-0.2291150570  0.99972974 0.99998859
-0.2280281681  0.99971639 0.99998859
-0.2277611146  0.99970588 0.99998859
-0.2274961455  1.00022089 0.99998859
-0.2272616926  0.99982830 0.99998859
-0.2261748401  0.99983471 0.99998859
-0.2259078074  0.99974375 0.99998859
-0.2256428130  1.00001552 0.99998859
-0.2254083192  0.99987691 0.99998859
-0.2240544902  1.00005246 0.99998859
-0.2237894813  1.00003547 0.99998859
-0.2235549377  0.99986811 0.99998859
-0.2224681849  1.00015892 0.99998859
-0.2222011640  1.00003231 0.99998859
-0.2217015733  1.00003194 0.99998859
-0.2206148478  1.00036260 0.99998859
-0.2203478568  1.00024257 0.99998859
-0.2184945306  1.00002970 0.99998859
-0.2182294853  1.00018450 0.99998859
-0.2169081917  1.00008717 0.99998859
-0.2166412143  1.00047510 0.99998859
-0.2163761527  0.99995485 0.99998859
-0.2150548645  0.99984955 0.99998859
-0.2147879062  0.99986474 0.99998859
-0.2145228211  0.99984712 0.99998859
-0.2142880824  0.99996202 0.99998859
-0.2132015455  0.99982027 0.99998859
-0.2129345800  0.99997130 0.99998859
-0.2124347090  1.00010808 0.99998859
-0.2113482084  1.00013515 0.99998859
-0.2110812637  1.00023665 0.99998859
-0.2105813365  1.00008829 0.99998859
-0.2094948804  0.99995241 0.99998859
-0.2092279556  0.99982242 0.99998859
-0.2089628251  1.00005902 0.99998859
-0.2087279640  1.00059253 0.99998859
-0.2076415614  1.00003355 0.99998859
-0.2073746294  1.00021468 0.99998859
-0.2071094844  1.00016029 0.99998859
-0.2068745915  1.00061413 0.99998859
-0.2057882243  1.00022368 0.99998859
-0.2055213131  1.00014905 0.99998859
-0.2052561618  0.99987955 0.99998859
-0.2050212190  1.00012247 0.99998859
-0.2039348962  1.00013569 0.99998859
-0.2036679960  1.00037734 0.99998859
-0.2034028301  0.99976352 0.99998859
-0.2031678465  1.00042420 0.99998859
-0.2020815591  0.99998475 0.99998859
-0.2018146797  0.99979752 0.99998859
-0.2015494884  1.00026992 0.99998859
-0.2002282401  1.00000162 0.99998859
-0.1999613625  0.99998639 0.99998859
-0.1994611015  1.00012573 0.99998859
-0.1983749121  0.99987473 0.99998859
-0.1976077290  0.99991208 0.99998859
-0.1962547291  1.00024565 0.99998859
-0.1959894934  0.99962425 0.99998859
-0.1957543475  1.00021630 0.99998859
-0.1946682559  0.99944891 0.99998859
-0.1944014119  1.00011819 0.99998859
-0.1941361708  1.00003707 0.99998859
-0.1939009849  0.99983741 0.99998859
-0.1928149279  0.99961547 0.99998859
-0.1925480866  0.99990162 0.99998859
-0.1922828391  0.99994139 0.99998859
-0.1920476124  1.00018370 0.99998859
-0.1909615908  0.99996707 0.99998859
-0.1906947785  0.99996451 0.99998859
-0.1904294983  1.00004584 0.99998859
-0.1901942318  0.99983805 0.99998859
-0.1891082718  0.99977884 0.99998859
-0.1888414614  0.99989571 0.99998859
-0.1885761757  1.00019686 0.99998859
-0.1883408684  0.99977784 0.99998859
-0.1872549437  0.99981177 0.99998859
-0.1869881360  1.00005097 0.99998859
-0.1867228440  0.99996952 0.99998859
-0.1864874959  0.99978610 0.99998859
-0.1854016066  0.99992107 0.99998859
-0.1851348189  1.00006322 0.99998859
-0.1848695042  1.00027745 0.99998859
-0.1846341152  1.00000087 0.99998859
-0.1835482867  1.00044481 0.99998859
-0.1832815117  1.00000140 0.99998859
-0.1830161725  1.00009331 0.99998859
-0.1827807527  1.00028366 0.99998859
-0.1816949496  1.00012464 0.99998859
-0.1814281854  0.99977398 0.99998859
-0.1811628499  1.00005593 0.99998859
-0.1809273802  1.00015212 0.99998859
-0.1798416216  1.00009929 0.99998859
-0.1795748683  0.99980507 0.99998859
-0.1793095092  1.00016525 0.99998859
-0.1779883026  1.00021556 0.99998859
-0.1777215611  1.00001282 0.99998859
-0.1774561775  0.99997416 0.99998859
-0.1772206370  0.99960944 0.99998859
-0.1761349645  1.00011650 0.99998859
-0.1756028558  1.00017418 0.99998859
-0.1753672645  1.00024261 0.99998859
-0.1742816456  0.99985472 0.99998859
-0.1740149186  1.00006247 0.99998859
-0.1737495150  1.00023271 0.99998859
-0.1735138838  0.99998645 0.99998859
-0.1724283175  1.00032270 0.99998859
-0.1721616105  0.99981384 0.99998859
-0.1718961834  1.00000316 0.99998859
-0.1716605213  0.99992488 0.99998859
-0.1705749795  1.00003123 0.99998859
-0.1703082842  0.99990963 0.99998859
-0.1700428616  1.00003716 0.99998859
-0.1698071497  1.00039879 0.99998859
-0.1687216514  0.99975816 0.99998859
-0.1684549771  0.99994805 0.99998859
-0.1681895209  1.00036608 0.99998859
-0.1679537691  1.00013143 0.99998859
-0.1668683234  0.99994406 0.99998859
-0.1666016508  1.00019657 0.99998859
-0.1663361892  0.99995326 0.99998859
-0.1661003975  1.00025628 0.99998859
-0.1650149944  0.99969385 0.99998859
-0.1647483346  0.99988625 0.99998859
-0.1644828494  0.99993983 0.99998859
-0.1642470349  0.99958284 0.99998859
-0.1631616664  1.00010915 0.99998859
-0.1628950265  0.99978154 0.99998859
-0.1626295268  0.99987883 0.99998859
-0.1623936552  0.99930828 0.99998859
-0.1613083374  1.00002668 0.99998859
-0.1610417002  0.99996399 0.99998859
-0.1607761960  0.99976267 0.99998859
-0.1605402836  0.99941407 0.99998859
-0.1594550094  0.99984505 0.99998859
-0.1591883840  1.00000314 0.99998859
-0.1589228643  0.99958108 0.99998859
-0.1586869120  0.99995758 0.99998859
-0.1576016804  0.99997665 0.99998859
-0.1573350759  1.00003751 0.99998859
-0.1570695335  0.99971921 0.99998859
-0.1557483433  0.99980157 0.99998859
-0.1554817505  1.00010256 0.99998859
-0.1549801697  0.99974713 0.99998859
-0.1533628711  0.99997360 0.99998859
-0.1531267891  1.00003960 0.99998859
-0.1517751171  1.00033577 0.99998859
-0.1515095403  0.99987843 0.99998859
-0.1512734274  1.00001716 0.99998859
-0.1501883573  0.99982140 0.99998859
-0.1499217999  1.00042896 0.99998859
-0.1496562095  1.00032302 0.99998859
-0.1494200559  1.00000492 0.99998859
-0.1483350374  0.99998886 0.99998859
-0.1480684828  1.00000251 0.99998859
-0.1478028779  0.99989660 0.99998859
-0.1475666852  0.99989579 0.99998859
-0.1464816994  1.00010703 0.99998859
-0.1462151665  1.00002403 0.99998859
-0.1459495471  0.99981807 0.99998859
-0.1457133145  0.99986555 0.99998859
-0.1446283713  1.00014911 0.99998859
-0.1443618403  1.00036103 0.99998859
-0.1440962163  1.00005315 0.99998859
-0.1438599429  0.99998885 0.99998859
-0.1427750515  1.00019406 0.99998859
-0.1425085331  1.00006155 0.99998859
-0.1422428855  0.99998974 0.99998859
-0.1420065722  0.99997301 0.99998859
-0.1409217134  1.00003743 0.99998859
-0.1406552069  1.00000607 0.99998859
-0.1403895539  1.00016245 0.99998859
-0.1401532015  1.00007277 0.99998859
-0.1390683845  1.00034636 0.99998859
-0.1388018906  0.99979579 0.99998859
-0.1385362231  1.00004760 0.99998859
-0.1382998399  1.00000908 0.99998859
-0.1372150655  1.00009697 0.99998859
-0.1369485825  1.00011543 0.99998859
-0.1364464602  0.99964254 0.99998859
-0.1353617275  0.99985075 0.99998859
-0.1350952563  0.99996002 0.99998859
-0.1348295615  1.00015363 0.99998859
-0.1345930895  0.99987175 0.99998859
-0.1335083985  1.00053646 0.99998859
-0.1332419400  0.99995191 0.99998859
-0.1329762308  1.00060786 0.99998859
-0.1327397188  1.00011363 0.99998859
-0.1316550786  1.00020785 0.99998859
-0.1313886319  0.99981945 0.99998859
-0.1311228909  1.00029794 0.99998859
-0.1308863481  1.00005363 0.99998859
-0.1295353066  1.00013378 0.99998859
-0.1292695692  0.99977842 0.99998859
-0.1290329774  1.00016965 0.99998859
-0.1279484116  0.99976826 0.99998859
-0.1276819894  0.99992510 0.99998859
-0.1274162385  1.00049021 0.99998859
-0.1271796067  1.00011757 0.99998859
-0.1260950736  0.99983353 0.99998859
-0.1258286822  1.00049859 0.99998859
-0.1255628986  0.99996981 0.99998859
-0.1242417537  0.99984506 0.99998859
-0.1239753560  1.00002075 0.99998859
-0.1237095769  0.99987530 0.99998859
-0.1234728654  1.00000530 0.99998859
-0.1223884247  1.00014508 0.99998859
-0.1221220388  0.99989816 0.99998859
-0.1218562461  0.99994140 0.99998859
-0.1216194956  1.00020871 0.99998859
-0.1205350958  0.99986000 0.99998859
-0.1202687316  1.00004602 0.99998859
-0.1200029063  0.99997081 0.99998859
-0.1197661158  0.99992319 0.99998859
-0.1186817668  0.99963001 0.99998859
-0.1184154054  0.99999504 0.99998859
-0.1181495846  1.00000785 0.99998859
-0.1179127551  1.00002432 0.99998859
-0.1165620891  1.00017014 0.99998859
-0.1162962538  0.99994498 0.99998859
-0.1160593844  1.00017437 0.99998859
-0.1147087629  1.00011424 0.99998859
-0.1144429149  0.99966901 0.99998859
-0.1142060056  0.99997564 0.99998859
-0.1131217799  0.99995417 0.99998859
-0.1128554557  0.99994148 0.99998859
-0.1125895932  0.99960287 0.99998859
-0.1112684419  0.99968855 0.99998859
-0.1110021385  0.99963227 0.99998859
-0.1104992742  1.00004838 0.99998859
-0.1094151121  1.00021117 0.99998859
-0.1088829226  0.99987658 0.99998859
-0.1086458954  0.99999085 0.99998859
-0.1072955051  0.99976254 0.99998859
-0.1070295927  1.00007698 0.99998859
-0.1067925337  0.99996720 0.99998859
-0.1057084541  1.00008742 0.99998859
-0.1054421879  0.99995756 0.99998859
-0.1051762619  0.99999593 0.99998859
-0.1049391640  1.00009952 0.99998859
-0.1038551252  1.00038089 0.99998859
-0.1035888717  0.99998246 0.99998859
-0.1033229311  0.99991322 0.99998859
-0.1030857851  0.99979440 0.99998859
-0.1020018044  1.00030632 0.99998859
-0.1017355545  0.99988333 0.99998859
-0.1014696013  1.00022767 0.99998859
-0.1012324244  0.99985532 0.99998859
-0.1001484663  1.00011328 0.99998859
-0.0998822383  0.99987259 0.99998859
-0.0996162705  1.00029411 0.99998859
-0.0993790546  0.99991546 0.99998859
-0.0982951374  1.00000075 0.99998859
-0.0980289211  1.00024471 0.99998859
-0.0977629406  1.00011928 0.99998859
-0.0975256758  1.00000776 0.99998859
-0.0964418166  0.99999852 0.99998859
-0.0961756048  1.00004470 0.99998859
-0.0959096099  1.00005087 0.99998859
-0.0956723151  0.99994262 0.99998859
-0.0945884786  0.99985262 0.99998859
-0.0943222877  1.00006700 0.99998859
-0.0940562800  0.99996816 0.99998859
-0.0938189453  1.00005267 0.99998859
-0.0927351496  0.99996028 0.99998859
-0.0924689614  0.99992716 0.99998859
-0.0922029492  1.00014076 0.99998859
-0.0919655664  0.99972798 0.99998859
-0.0908818107  1.00000164 0.99998859
-0.0906156542  0.99998261 0.99998859
-0.0903496194  0.99993653 0.99998859
-0.0901121967  0.99987949 0.99998859
-0.0890284908  0.99985622 0.99998859
-0.0887623280  1.00005862 0.99998859
-0.0882588369  1.00036826 0.99998859
-0.0871751609  1.00013781 0.99998859
-0.0866429587  1.00015798 0.99998859
-0.0864054580  0.99973134 0.99998859
-0.0853218229  1.00008920 0.99998859
-0.0850557036  0.99965451 0.99998859
-0.0847896289  1.00005055 0.99998859
-0.0845520882  1.00026388 0.99998859
-0.0834685021  1.00020083 0.99998859
-0.0832023783  0.99998142 0.99998859
-0.0829362981  1.00007756 0.99998859
-0.0826987284  1.00016672 0.99998859
-0.0816151731  1.00002551 0.99998859
-0.0813490612  0.99994729 0.99998859
-0.0810829682  1.00003185 0.99998859
-0.0808453496  1.00017981 0.99998859
-0.0797618342  0.99992024 0.99998859
-0.0794957540  1.00011562 0.99998859
-0.0792296474  1.00000772 0.99998859
-0.0789919807  1.00007619 0.99998859
-0.0779085143  0.99994470 0.99998859
-0.0776424277  1.00045999 0.99998859
-0.0773763085  0.99993326 0.99998859
-0.0771386200  1.00010555 0.99998859
-0.0760551754  1.00014875 0.99998859
-0.0757891106  0.99996114 0.99998859
-0.0755229777  0.99994213 0.99998859
-0.0752852421  1.00007028 0.99998859
-0.0742018455  0.99976265 0.99998859
-0.0739358034  1.00013450 0.99998859
-0.0736696569  0.99994900 0.99998859
-0.0734318732  1.00009576 0.99998859
-0.0723485256  0.99986823 0.99998859
-0.0720824771  1.00005642 0.99998859
-0.0718163180  1.00025198 0.99998859
-0.0715785125  1.00051579 0.99998859
-0.0704951867  0.99964427 0.99998859
-0.0702291609  0.99989447 0.99998859
-0.0699629881  0.99983035 0.99998859
-0.0697251346  1.00036649 0.99998859
-0.0686418568  1.00011221 0.99998859
-0.0683758437  1.00026385 0.99998859
-0.0681096583  0.99989327 0.99998859
-0.0667885269  0.99979389 0.99998859
-0.0665225274  1.00019732 0.99998859
-0.0662563284  0.99978915 0.99998859
-0.0660184059  0.99962165 0.99998859
-0.0649351980  1.00026861 0.99998859
-0.0644029985  0.99992899 0.99998859
-0.0641650279  1.00025423 0.99998859
-0.0625496687  1.00024500 0.99998859
-0.0623116681  1.00000339 0.99998859
-0.0612285383  1.00002562 0.99998859
-0.0609625769  0.99987200 0.99998859
-0.0606963388  0.99999472 0.99998859
-0.0604582993  0.99981051 0.99998859
-0.0593752084  1.00005471 0.99998859
-0.0591092597  1.00019504 0.99998859
-0.0588430089  1.00023373 0.99998859
-0.0586049213  0.99944851 0.99998859
-0.0575218785  1.00014504 0.99998859
-0.0572559344  0.99997274 0.99998859
-0.0569896791  1.00000922 0.99998859
-0.0567515525  0.99949025 0.99998859
-0.0554026172  0.99975886 0.99998859
-0.0551363401  1.00017334 0.99998859
-0.0548981927  0.99969794 0.99998859
-0.0538152188  0.99996649 0.99998859
-0.0535493100  1.00007234 0.99998859
-0.0532830193  1.00025903 0.99998859
-0.0530448156  0.99977105 0.99998859
-0.0519618889  1.00007609 0.99998859
-0.0516959838  0.99973241 0.99998859
-0.0514296895  1.00004467 0.99998859
-0.0511914468  0.99967142 0.99998859
-0.0501085500  1.00016762 0.99998859
-0.0498426675  0.99998389 0.99998859
-0.0495763505  1.00011307 0.99998859
-0.0493380870  0.99995157 0.99998859
-0.0482552292  0.99986193 0.99998859
-0.0479893594  0.99975979 0.99998859
-0.0477230297  1.00009080 0.99998859
-0.0474847099  0.99964508 0.99998859
-0.0464018993  1.00006211 0.99998859
-0.0461360332  1.00000411 0.99998859
-0.0458696917  0.99984934 0.99998859
-0.0456313411  0.99978508 0.99998859
-0.0445485604  0.99987531 0.99998859
-0.0437779640  1.00001158 0.99998859
-0.0426952396  0.99995670 0.99998859
-0.0424294088  1.00005066 0.99998859
-0.0421630410  0.99987745 0.99998859
-0.0419246042  0.99979079 0.99998859
-0.0405760835  0.99993561 0.99998859
-0.0403097021  1.00004867 0.99998859
-0.0400712363  1.00015128 0.99998859
-0.0389885708  0.99975284 0.99998859
-0.0387227663  0.99985639 0.99998859
-0.0384563731  0.99993652 0.99998859
-0.0382178592  1.00007655 0.99998859
-0.0368694501  1.00007256 0.99998859
-0.0366030523  0.99998054 0.99998859
-0.0363644994  0.99999027 0.99998859
-0.0350161329  0.99993104 0.99998859
-0.0347497134  0.99974180 0.99998859
-0.0345111315  1.00012667 0.99998859
-0.0331628248  1.00009499 0.99998859
-0.0328963844  0.99995492 0.99998859
-0.0326577544  1.00045724 0.99998859
-0.0313094995  1.00000914 0.99998859
-0.0310430546  0.99975141 0.99998859
-0.0308043955  1.00030522 0.99998859
-0.0297219206  1.00000275 0.99998859
-0.0294561823  1.00005457 0.99998859
-0.0291897256  1.00002684 0.99998859
-0.0289510276  1.00027886 0.99998859
-0.0278685898  0.99999440 0.99998859
-0.0276028751  0.99994491 0.99998859
-0.0273363958  0.99991858 0.99998859
-0.0270976505  1.00049899 0.99998859
-0.0260152690  1.00029440 0.99998859
-0.0257495489  1.00009370 0.99998859
-0.0254830668  1.00021464 0.99998859
-0.0252442916  1.00026534 0.99998859
-0.0241619301  1.00007696 0.99998859
-0.0238962326  0.99995380 0.99998859
-0.0236297369  1.00058919 0.99998859
-0.0223085993  1.00010992 0.99998859
-0.0220429245  0.99979019 0.99998859
-0.0215375466  1.00022780 0.99998859
-0.0204552603  1.00038412 0.99998859
-0.0199230781  1.00003165 0.99998859
-0.0196841877  1.00025024 0.99998859
-0.0183362820  1.00018901 0.99998859
-0.0180697491  1.00007527 0.99998859
-0.0178308198  0.99980401 0.99998859
-0.0167486088  1.00006506 0.99998859
-0.0164829649  1.00015008 0.99998859
-0.0162164202  1.00023729 0.99998859
-0.0159774437  1.00001125 0.99998859
-0.0148952698  0.99992610 0.99998859
-0.0146296486  1.00010042 0.99998859
-0.0143630903  0.99996632 0.99998859
-0.0141240757  0.99984377 0.99998859
-0.0130419481  1.00014106 0.99998859
-0.0127763314  0.99993789 0.99998859
-0.0125097614  0.99955273 0.99998859
-0.0122707168  1.00039641 0.99998859
-0.0111886183  1.00039326 0.99998859
-0.0109230061  1.00004456 0.99998859
-0.0104173407  0.99999118 0.99998859
-0.0093352784  1.00001041 0.99998859
-0.0090696980  1.00008602 0.99998859
-0.0085639727  0.99964418 0.99998859
-0.0074819477  0.99993851 0.99998859
-0.0072163808  1.00024138 0.99998859
-0.0069497736  1.00026291 0.99998859
-0.0067106147  0.99987843 0.99998859
-0.0056286269  0.99991226 0.99998859
-0.0053630555  1.00019515 0.99998194
-0.0050964446  1.00001845 0.99988490
-0.0048572377  0.99992609 0.99974716
-0.0037752870  0.99904921 0.99893817
-0.0035097383  0.99837489 0.99871333
-0.0032431247  0.99831854 0.99852226
-0.0030038797  0.99854309 0.99843109
-0.0019219562  0.99829365 0.99820734
-0.0016564311  0.99798990 0.99817613
-0.0013897867  0.99811243 0.99815087
-0.0011505126  0.99820911 0.99813274
-0.0000686264  0.99816209 0.99809550
0.0001968951  0.99770808 0.99809643
0.0004635423  0.99800255 0.99810125
0.0007028635  0.99806474 0.99810900
0.0017847044  0.99815460 0.99819039
0.0023168630  0.99853696 0.99826740
0.0025562224  0.99853006 0.99831387
0.0039035194  0.99902648 0.99904388
0.0041702011  0.99953335 0.99925702
0.0044095894  0.99926311 0.99943927
0.0054913650  1.00008666 0.99998859
0.0057568457  1.00029688 0.99998859
0.0060235300  0.99999389 0.99998859
0.0062629656  0.99994726 0.99998859
0.0073446958  1.00026149 0.99998859
0.0076101619  1.00005297 0.99998859
0.0078768681  1.00016939 0.99998859
0.0081163235  1.00004384 0.99998859
0.0091980175  0.99994890 0.99998859
0.0094634882  0.99964451 0.99998859
0.0097301880  1.00009941 0.99998859
0.0099696906  1.00014524 0.99998859
0.0110513574  1.00009266 0.99998859
0.0113167954  1.00034508 0.99998859
0.0115835169  1.00016219 0.99998859
0.0118230667  1.00015331 0.99998859
0.0131701125  1.00003597 0.99998859
0.0134368549  0.99997593 0.99998859
0.0136764247  1.00000406 0.99998859
0.0147580280  0.99997790 0.99998859
0.0150234388  0.99978498 0.99998859
0.0152901739  1.00028134 0.99998859
0.0166113497  1.00037084 0.99998859
0.0171435029  1.00026412 0.99998859
0.0173831679  1.00005317 0.99998859
0.0184646804  0.99987791 0.99998859
0.0189968409  1.00000411 0.99998859
0.0192365340  1.00029316 0.99998859
0.0203180203  0.99986006 0.99998859
0.0205833794  0.99994496 0.99998859
0.0208501699  1.00051399 0.99998859
0.0221713420  1.00009991 0.99998859
0.0224366966  0.99977890 0.99998859
0.0229432682  0.99997775 0.99998859
0.0240246728  1.00011825 0.99998859
0.0245568278  0.99989927 0.99998859
0.0247966343  0.99989212 0.99998859
0.0261433300  1.00006805 0.99998859
0.0264101558  1.00007229 0.99998859
0.0266499923  0.99991602 0.99998859
0.0277313343  1.00006144 0.99998859
0.0279966471  1.00001246 0.99998859
0.0282634757  1.00002586 0.99998859
0.0285033675  1.00020336 0.99998859
0.0295846651  0.99971806 0.99998859
0.0298499634  0.99995682 0.99998859
0.0301168138  0.99965900 0.99998859
0.0303567346  1.00002171 0.99998859
0.0314380049  0.99992014 0.99998859
0.0317032806  1.00009942 0.99998859
0.0319701427  0.99996519 0.99998859
0.0322100916  1.00004096 0.99998859
0.0332913266  1.00004383 0.99998859
0.0335565977  0.99988147 0.99998859
0.0338234617  0.99975184 0.99998859
0.0340634669  1.00002926 0.99998859
0.0351446665  0.99998610 0.99998859
0.0354099231  1.00000424 0.99998859
0.0356767997  0.99999641 0.99998859
0.0359168339  0.99997308 0.99998859
0.0369979982  0.99992219 0.99998859
0.0372632312  0.99991706 0.99998859
0.0377701910  0.99979138 0.99998859
0.0388513289  1.00016494 0.99998859
0.0391165474  0.99997106 0.99998859
0.0393834477  1.00006314 0.99998859
0.0396235662  0.99975429 0.99998859
0.0407046597  0.99997833 0.99998859
0.0409698737  1.00012137 0.99998859
0.0412367857  1.00000995 0.99998859
0.0414769324  1.00002507 0.99998859
0.0425579905  1.00046349 0.99998859
0.0428231908  1.00018024 0.99998859
0.0430901137  0.99979737 0.99998859
0.0446764980  1.00003851 0.99998859
0.0451836647  1.00000688 0.99998859
0.0462646529  1.00028506 0.99998859
0.0467967708  0.99989827 0.99998859
0.0470370308  0.99975944 0.99998859
0.0483831405  1.00004542 0.99998859
0.0486500988  1.00017818 0.99998859
0.0488903970  1.00008033 0.99998859
0.0499713244  1.00003552 0.99998859
0.0502364486  1.00022135 0.99998859
0.0505034278  1.00009656 0.99998859
0.0507437631  0.99991199 0.99998859
0.0518246462  0.99990868 0.99998859
0.0520897749  1.00003976 0.99998859
0.0523567558  0.99998033 0.99998859
0.0525971293  1.00018029 0.99998859
0.0536779778  0.99978217 0.99998859
0.0539430911  1.00005179 0.99998859
0.0542100848  0.99998058 0.99998859
0.0544504954  1.00007635 0.99998859
0.0555313177  1.00008390 0.99998859
0.0557963992  1.00004615 0.99998859
0.0560634038  1.00002459 0.99998859
0.0563038607  1.00002592 0.99998859
0.0573846494  0.99963788 0.99998859
0.0576497254  0.99983600 0.99998859
0.0579167409  0.99989744 0.99998859
0.0581572268  1.00007932 0.99998859
0.0592379711  0.99985202 0.99998859
0.0595030417  0.99989473 0.99998859
0.0597700698  0.99981517 0.99998859
0.0600105930  1.00015066 0.99998859
0.0610913118  0.99979339 0.99998859
0.0613563679  0.99968425 0.99998859
0.0616233979  1.00026478 0.99998859
0.0618639673  0.99988650 0.99998859
0.0629446344  0.99968246 0.99998859
0.0632096760  0.99986361 0.99998859
0.0634767259  1.00007811 0.99998859
0.0637173243  1.00000533 0.99998859
0.0647979652  1.00005831 0.99998859
0.0650629923  0.99974063 0.99998859
0.0655706987  1.00029271 0.99998859
0.0666513059  1.00021301 0.99998859
0.0669163185  0.99997030 0.99998859
0.0671833920  0.99937366 0.99998859
0.0674240557  1.00003725 0.99998859
0.0685046286  0.99977505 0.99998859
0.0690367110  0.99941725 0.99998859
0.0692774210  0.99991942 0.99998859
0.0706229429  1.00007879 0.99998859
0.0708900391  1.00004514 0.99998859
0.0711307962  0.99975976 0.99998859
0.0722113001  0.99983921 0.99998859
0.0724762691  1.00018861 0.99998859
0.0727433762  1.00043221 0.99998859
0.0729841524  1.00014734 0.99998859
0.0740646227  1.00009151 0.99998859
0.0743295763  1.00015692 0.99998859
0.0745966952  1.00028457 0.99998859
0.0748375176  0.99993592 0.99998859
0.0759179634  1.00012157 0.99998859
0.0761828935  0.99988841 0.99998859
0.0764500232  1.00013672 0.99998859
0.0766908919  0.99962528 0.99998859
0.0777712942  0.99996155 0.99998859
0.0780362197  1.00025402 0.99998859
0.0783033603  0.99988963 0.99998859
0.0785442481  0.99993499 0.99998859
0.0796246168  1.00010014 0.99998859
0.0798895269  1.00011859 0.99998859
0.0801566793  0.99961182 0.99998859
0.0803976133  1.00021939 0.99998859
0.0814779576  0.99998644 0.99998859
0.0817428441  0.99998015 0.99998859
0.0820100074  0.99996227 0.99998859
0.0822509877  0.99990631 0.99998859
0.0833312892  0.99998078 0.99998859
0.0835961612  1.00042295 0.99998859
0.0838633445  1.00028681 0.99998859
0.0841043438  1.00003656 0.99998859
0.0851846300  0.99998673 0.99998859
0.0854494866  0.99993778 0.99998859
0.0857166635  1.00012738 0.99998859
0.0859577091  1.00011014 0.99998859
0.0870379526  1.00002967 0.99998859
0.0873028037  1.00001324 0.99998859
0.0878110834  1.00017649 0.99998859
0.0888912843  1.00016325 0.99998859
0.0891561118  0.99998846 0.99998859
0.0896644396  0.99990997 0.99998859
0.0907446250  1.00002324 0.99998859
0.0910094281  0.99979938 0.99998859
0.0912766476  0.99978611 0.99998859
0.0915178048  1.00007297 0.99998859
0.0928627543  0.99990671 0.99998859
0.0931299757  1.00019322 0.99998859
0.0933711791  1.00002520 0.99998859
0.0944512793  0.99987046 0.99998859
0.0947160715  0.99978503 0.99998859
0.0949833128  0.99990599 0.99998859
0.0952245434  0.99987457 0.99998859
0.0963046201  0.99994404 0.99998859
0.0965693787  0.99991597 0.99998859
0.0968366399  0.99990797 0.99998859
0.0970778996  0.99996838 0.99998859
0.0981579518  0.99995332 0.99998859
0.0984227049  1.00016481 0.99998859
0.0986899589  0.99987316 0.99998859
0.0989312730  1.00023453 0.99998859
0.1000112744  1.00024175 0.99998859
0.1002760221  0.99983733 0.99998859
0.1005432961  1.00001103 0.99998859
0.1007846383  0.99980513 0.99998859
0.1018646151  1.00005890 0.99998859
0.1021293293  1.00045193 0.99998859
0.1023966241  0.99968713 0.99998859
0.1026379935  0.99997788 0.99998859
0.1037179477  0.99998010 0.99998859
0.1039826555  1.00028147 0.99998859
0.1042499422  0.99999382 0.99998859
0.1044913678  0.99985749 0.99998859
0.1055712794  1.00008799 0.99998859
0.1058359727  0.99988634 0.99998859
0.1061032793  1.00001994 0.99998859
0.1063447322  0.99994008 0.99998859
0.1074246111  1.00001250 0.99998859
0.1076892980  1.00011051 0.99998859
0.1079566074  1.00003996 0.99998859
0.1081980883  0.99998536 0.99998859
0.1092779427  1.00014968 0.99998859
0.1095426061  1.00031613 0.99998859
0.1098099254  0.99987785 0.99998859
0.1111312844  1.00009408 0.99998859
0.1113959233  0.99969721 0.99998859
0.1116632625  1.00009717 0.99998859
0.1129846070  0.99978234 0.99998859
0.1135165897  0.99987287 0.99998859
0.1137581814  1.00017830 0.99998859
0.1166912804  0.99998042 0.99998859
0.1169558739  1.00007423 0.99998859
0.1172232449  1.00006059 0.99998859
0.1185446030  0.99985473 0.99998859
0.1188092001  1.00008324 0.99998859
0.1190765729  1.00007756 0.99998859
0.1193182744  0.99971979 0.99998859
0.1203979446  0.99995659 0.99998859
0.1206625073  1.00016124 0.99998859
0.1209299001  0.99991004 0.99998859
0.1211716478  0.99994929 0.99998859
0.1222512672  0.99992142 0.99998859
0.1225158245  0.99990537 0.99998859
0.1227832281  0.99968901 0.99998859
0.1230250121  1.00001082 0.99998859
0.1241045998  1.00005196 0.99998859
0.1243691507  0.99988385 0.99998859
0.1246365462  0.99964549 0.99998859
0.1248783764  1.00012649 0.99998859
0.1259579406  0.99977359 0.99998859
0.1262224579  0.99989127 0.99998859
0.1264898833  1.00010866 0.99998859
0.1267317408  1.00019696 0.99998859
0.1278112732  0.99994870 0.99998859
0.1280757751  0.99974059 0.99998859
0.1283432105  0.99996761 0.99998859
0.1285851051  1.00025541 0.99998859
0.1296645958  0.99976320 0.99998859
0.1299291013  1.00016733 0.99998859
0.1301965376  1.00040356 0.99998859
0.1304384694  1.00026431 0.99998859
0.1315179374  1.00013912 0.99998859
0.1317824185  0.99992321 0.99998859
0.1322918329  0.99999372 0.99998859
0.1333712600  1.00004588 0.99998859
0.1336357347  0.99980078 0.99998859
0.1341451972  1.00004098 0.99998859
0.1352245926  0.99990839 0.99998859
0.1357565200  0.99988278 0.99998859
0.1359985516  0.99985415 0.99998859
0.1373423691  1.00037532 0.99998859
0.1376098471  0.99998478 0.99998859
0.1378519250  1.00011505 0.99998859
0.1389312578  0.99996207 0.99998859
0.1391956862  0.99998232 0.99998859
0.1394631752  1.00007833 0.99998859
0.1397052884  1.00004758 0.99998859
0.1407845985  1.00026688 0.99998859
0.1410490025  0.99992498 0.99998859
0.1413165023  1.00015623 0.99998859
0.1415586437  0.99979814 0.99998859
0.1426379311  1.00003350 0.99998859
0.1429023196  1.00031173 0.99998859
0.1431698385  1.00012038 0.99998859
0.1434120162  0.99999662 0.99998859
0.1444912546  1.00001066 0.99998859
0.1447556459  1.00037747 0.99998859
0.1450231566  0.99987661 0.99998859
0.1452653805  0.99996553 0.99998859
0.1463445963  1.00005539 0.99998859
0.1466089531  1.00031955 0.99998859
0.1468764837  1.00012665 0.99998859
0.1471187348  0.99978702 0.99998859
0.1481979289  0.99997913 0.99998859
0.1484622612  1.00010037 0.99998859
0.1487298209  1.00001744 0.99998859
0.1489721073  1.00031593 0.99998859
0.1500512606  0.99997211 0.99998859
0.1503155874  0.99976628 0.99998859
0.1505831389  1.00003321 0.99998859
0.1508254708  1.00004433 0.99998859
0.1519045932  0.99984908 0.99998859
0.1521689046  1.00022322 0.99998859
0.1524364661  0.99971656 0.99998859
0.1526788260  1.00014085 0.99998859
0.1537579257  0.99960721 0.99998859
0.1540222308  1.00001929 0.99998859
0.1542898023  0.99997106 0.99998859
0.1545321985  0.99978800 0.99998859
0.1556112674  1.00001917 0.99998859
0.1558755380  0.99997427 0.99998859
0.1563855620  0.99994997 0.99998859
0.1574645909  1.00002648 0.99998859
0.1577288552  1.00004436 0.99998859
0.1579964475  0.99977433 0.99998859
0.1582389163  0.99990558 0.99998859
0.1595821814  0.99983412 0.99998859
0.1598497837  0.99968762 0.99998859
0.1600922888  0.99999728 0.99998859
0.1611712652  0.99995031 0.99998859
0.1614354895  0.99977964 0.99998859
0.1617031018  0.99967177 0.99998859
0.1619456513  0.99985833 0.99998859
0.1630245978  1.00022008 0.99998859
0.1632888058  1.00006497 0.99998859
0.1635564280  0.99965395 0.99998859
0.1637990148  0.99976239 0.99998859
0.1648779222  0.99986720 0.99998859
0.1651421320  0.99969535 0.99998859
0.1654097643  0.99982772 0.99998859
0.1656523782  1.00005199 0.99998859
0.1667312638  1.00010011 0.99998859
0.1669954401  0.99980818 0.99998859
0.1672630823  1.00009096 0.99998859
0.1675057416  1.00006455 0.99998859
0.1685845964  0.99999271 0.99998859
0.1688487573  1.00003940 0.99998859
0.1691164095  1.00024242 0.99998859
0.1693591051  1.00038169 0.99998859
0.1704379199  1.00005523 0.99998859
0.1707020826  1.00018308 0.99998859
0.1709697457  1.00037017 0.99998859
0.1712124766  0.99997952 0.99998859
0.1722912616  0.99970477 0.99998859
0.1725553907  0.99998956 0.99998859
0.1728230728  1.00035330 0.99998859
0.1730658310  1.00003508 0.99998859
0.1741445951  1.00003229 0.99998859
0.1744087079  0.99998788 0.99998859
0.1749191935  1.00034433 0.99998859
0.1759979367  1.00024933 0.99998859
0.1762620341  0.99999747 0.99998859
0.1765297262  0.99977811 0.99998859
0.1767725660  0.99991116 0.99998859
0.1778512603  1.00001645 0.99998859
0.1781153513  1.00026125 0.99998859
0.1786259195  1.00011864 0.99998859
0.1797045929  1.00017690 0.99998859
0.1802363805  1.00008176 0.99998859
0.1804792829  1.00016770 0.99998859
0.1818219847  1.00022621 0.99998859
0.1820897067  1.00017969 0.99998859
0.1823326545  0.99995039 0.99998859
0.1834112589  1.00020760 0.99998859
0.1836753019  1.00000291 0.99998859
0.1839430339  0.99987033 0.99998859
0.1841860079  0.99999246 0.99998859
0.1852645924  1.00013434 0.99998859
0.1855286190  1.00015875 0.99998859
0.1857963610  0.99970465 0.99998859
0.1860393714  0.99990263 0.99998859
0.1871179250  0.99992206 0.99998859
0.1873819362  0.99986575 0.99998859
0.1876496873  1.00001664 0.99998859
0.1878927430  0.99973713 0.99998859
0.1889712585  1.00010836 0.99998859
0.1892352534  0.99992456 0.99998859
0.1895030053  1.00006865 0.99998859
0.1897460964  0.99997915 0.99998859
0.1908245820  1.00001920 0.99998859
0.1910885787  1.00009740 0.99998859
0.1913563407  1.00026834 0.99998859
0.1915994680  1.00042560 0.99998859
0.1926779246  0.99988282 0.99998859
0.1929418868  1.00001016 0.99998859
0.1932096678  1.00004887 0.99998859
0.1934528305  1.00010601 0.99998859
0.1945312572  0.99983804 0.99998859
0.1947952039  0.99956344 0.99998859
0.1950629850  1.00000188 0.99998859
0.1953061840  1.00018099 0.99998859
0.1963845997  0.99978355 0.99998859
0.1969163212  0.99997057 0.99998859
0.1982379233  0.99975786 0.99998859
0.1987696474  0.99972288 0.99998859
0.2000912568  0.99999868 0.99998859
0.2003551645  0.99966386 0.99998859
0.2008662715  1.00006746 0.99998859
0.2019445993  0.99999669 0.99998859
0.2024763008  0.99995990 0.99998859
0.2027196431  1.00018664 0.99998859
0.2040617889  0.99999838 0.99998859
0.2043296279  0.99984625 0.99998859
0.2045730047  0.99996371 0.99998859
0.2056512563  1.00002340 0.99998859
0.2059151151  0.99990128 0.99998859
0.2061829542  1.00007132 0.99998859
0.2064263582  0.99975392 0.99998859
0.2075045989  1.00002989 0.99998859
0.2077684232  1.00027653 0.99998859
0.2080362804  1.00000773 0.99998859
0.2082797298  0.99995810 0.99998859
0.2093579324  0.99990424 0.99998859
0.2096217404  1.00052807 0.99998859
0.2098896076  0.99999369 0.99998859
0.2101330914  0.99981946 0.99998859
0.2112112659  1.00030850 0.99998859
0.2114750666  1.00011080 0.99998859
0.2117429338  0.99976255 0.99998859
0.2119864449  0.99989632 0.99998859
0.2130645985  0.99997840 0.99998859
0.2133283838  1.00026822 0.99998859
0.2135962600  1.00014760 0.99998859
0.2138398155  1.00003323 0.99998859
0.2149179320  0.99981144 0.99998859
0.2151816919  0.99979729 0.99998859
0.2154495863  0.99983971 0.99998859
0.2156931781  1.00003263 0.99998859
0.2167712655  0.99983112 0.99998859
0.2170350172  1.00030321 0.99998859
0.2173029134  1.00021529 0.99998859
0.2175465306  1.00025887 0.99998859
0.2186245990  1.00032579 0.99998859
0.2188883253  0.99968661 0.99998859
0.2191562487  1.00002794 0.99998859
0.2193999022  0.99994360 0.99998859
0.2204779324  0.99996730 0.99998859
0.2207416425  1.00016034 0.99998859
0.2210095659  0.99995758 0.99998859
0.2212532638  0.99950323 0.99998859
0.2223312750  1.00023823 0.99998859
0.2225949687  0.99998823 0.99998859
0.2241845994  0.99996478 0.99998859
0.2247162274  1.00029625 0.99998859
0.2263016030  1.00007300 0.99998859
0.2265695446  1.00013883 0.99998859
0.2268133496  1.00001117 0.99998859
0.2278912755  1.00007234 0.99998859
0.2281549202  0.99987758 0.99998859
0.2284228718  1.00002192 0.99998859
0.2286667021  1.00004355 0.99998859
0.2297445999  1.00013178 0.99998859
0.2300082374  0.99987330 0.99998859
0.2302762071  0.99971225 0.99998859
0.2305200728  1.00007089 0.99998859
0.2315979425  1.00005216 0.99998859
0.2318615545  1.00006324 0.99998859
0.2321295242  0.99997010 0.99998859
0.2323734344  0.99994372 0.99998859
0.2334512769  1.00000792 0.99998859
0.2337148717  0.99984237 0.99998859
0.2339828595  0.99999528 0.99998859
0.2342267869  1.00000526 0.99998859
0.2353046013  1.00002872 0.99998859
0.2355681880  1.00004427 0.99998859
0.2358361858  1.00014347 0.99998859
0.2360801576  1.00039505 0.99998859
0.2371579439  0.99999999 0.99998859
0.2374215051  1.00004475 0.99998859
0.2376895029  1.00031728 0.99998859
0.2379335192  1.00019089 0.99998859
0.2390112774  1.00013792 0.99998859
0.2392748223  0.99983346 0.99998859
0.2395428382  0.99996032 0.99998859
0.2397868809  0.99983761 0.99998859
0.2408646027  0.99993191 0.99998859
0.2411281395  1.00000282 0.99998859
0.2413961645  1.00024789 0.99998859
0.2416402416  0.99995469 0.99998859
0.2427179453  0.99996300 0.99998859
0.2429814657  0.99993163 0.99998859
0.2432494807  0.99998510 0.99998859
0.2434936032  0.99987988 0.99998859
0.2445712788  0.99946289 0.99998859
0.2448347738  0.99984755 0.99998859
0.2451028161  0.99988856 0.99998859
0.2453469648  1.00002381 0.99998859
0.2469561423  0.99994797 0.99998859
0.2472003346  1.00044707 0.99998859
0.2485414172  0.99976217 0.99998859
0.2488094685  0.99987228 0.99998859
0.2490536871  1.00053044 0.99998859
0.2503947253  1.00002146 0.99998859
0.2506627948  0.99974252 0.99998859
0.2509070487  1.00024005 0.99998859
0.2519846145  1.00022301 0.99998859
0.2522480515  1.00006328 0.99998859
0.2525161210  0.99961449 0.99998859
0.2527604185  1.00020550 0.99998859
0.2538379480  1.00005856 0.99998859
0.2541013687  0.99995709 0.99998859
0.2543694463  0.99986088 0.99998859
0.2546137710  1.00017334 0.99998859
0.2556912734  1.00005886 0.99998859
0.2559546768  0.99984488 0.99998859
0.2562227726  0.99993000 0.99998859
0.2564671317  1.00003483 0.99998859
0.2575446159  0.99995802 0.99998859
0.2578080030  1.00030913 0.99998859
0.2580760988  0.99979190 0.99998859
0.2583205015  0.99976383 0.99998859
0.2593979503  1.00013810 0.99998859
0.2596613202  1.00014674 0.99998859
0.2599294160  1.00025554 0.99998859
0.2601738541  0.99981456 0.99998859
0.2612512847  0.99979441 0.99998859
0.2615146283  1.00007068 0.99998859
0.2617827504  0.99999641 0.99998859
0.2620272148  0.99984266 0.99998859
0.2631046182  0.99991920 0.99998859
0.2633679545  1.00002558 0.99998859
0.2636360766  1.00029785 0.99998859
0.2638805846  0.99989814 0.99998859
0.2649579526  0.99996476 0.99998859
0.2652212717  1.00015018 0.99998859
0.2654893938  0.99997983 0.99998859
0.2657339362  1.00020361 0.99998859
0.2668112961  1.00003896 0.99998859
0.2670745979  1.00006222 0.99998859
0.2675872969  1.00016867 0.99998859
0.2686646296  1.00024557 0.99998859
0.2691960544  1.00014054 0.99998859
0.2694406576  1.00000539 0.99998859
0.2705179549  0.99992304 0.99998859
0.2707812232  0.99996267 0.99998859
0.2710493707  1.00005713 0.99998859
0.2712940183  0.99987387 0.99998859
0.2723712984  1.00015906 0.99998859
0.2726345404  1.00010329 0.99998859
0.2729027060  1.00000393 0.99998859
0.2731473790  0.99976976 0.99998859
0.2742246328  1.00004387 0.99998859
0.2744878575  0.99986781 0.99998859
0.2747560313  1.00024547 0.99998859
0.2750007397  1.00029480 0.99998859
0.2760779572  1.00001917 0.99998859
0.2763411747  1.00011076 0.99998859
0.2766093485  0.99971664 0.99998859
0.2768541004  0.99983941 0.99998859
0.2779313007  0.99983652 0.99998859
0.2781944919  1.00041945 0.99998859
0.2784626829  1.00000106 0.99998859
0.2787074611  1.00006048 0.99998859
0.2797846351  1.00031177 0.99998859
0.2800478090  0.99996971 0.99998859
0.2803160091  0.99994751 0.99998859
0.2805608309  1.00010875 0.99998859
0.2816379786  1.00017639 0.99998859
0.2819011262  0.99990165 0.99998859
0.2821693345  1.00030958 0.99998859
0.2824141825  0.99971501 0.99998859
0.2834913039  0.99997271 0.99998859
0.2837544434  0.99972237 0.99998859
0.2840226607  0.99968929 0.99998859
0.2842675423  0.99999573 0.99998859
0.2853446383  0.99995954 0.99998859
0.2856077605  1.00005083 0.99998859
0.2861209121  0.99966483 0.99998859
0.2871979818  1.00017923 0.99998859
0.2874610868  0.99973871 0.99998859
0.2879742629  1.00002961 0.99998859
0.2890513071  0.99995266 0.99998859
0.2893144039  1.00016308 0.99998859
0.2898276236  0.99986631 0.99998859
0.2909046415  0.99989954 0.99998859
0.2914359629  1.00017597 0.99998859
0.2916809933  0.99977597 0.99998859
0.2930210383  0.99961209 0.99998859
0.2932892973  1.00001850 0.99998859
0.2935343441  1.00041164 0.99998859
0.2946113103  0.99985653 0.99998859
0.2948743554  0.99922916 0.99998859
0.2951426236  0.99987219 0.99998859
0.2953877039  1.00003553 0.99998859
0.2964646456  0.99949486 0.99998859
0.2969959398  0.99961749 0.99998859
0.2972410736  1.00008827 0.99998859
0.2983179891  1.00014369 0.99998859
0.2985809898  0.99963588 0.99998859
0.2988492742  1.00010590 0.99998859
0.2990944244  1.00014802 0.99998859
0.3004343078  0.99986052 0.99998859
0.3007025996  0.99973887 0.99998859
0.3009477932  0.99976148 0.99998859
0.3020246579  0.99999342 0.99998859
0.3022876159  1.00047849 0.99998859
0.3025559158  0.99973014 0.99998859
0.3028011530  0.99975332 0.99998859
0.3038779932  1.00016032 0.99998859
0.3041409422  1.00002637 0.99998859
0.3044092511  0.99970444 0.99998859
0.3046545047  0.99991623 0.99998859
0.3057313185  0.99990836 0.99998859
0.3059942593  1.00002538 0.99998859
0.3062625765  0.99972613 0.99998859
0.3065078736  1.00018802 0.99998859
0.3075846620  0.99999674 0.99998859
0.3078475674  1.00023657 0.99998859
0.3081158927  1.00008502 0.99998859
0.3083612334  1.00010349 0.99998859
0.3094379882  1.00005091 0.99998859
0.3097008937  1.00013694 0.99998859
0.3102145841  1.00022849 0.99998859
0.3112913317  1.00015832 0.99998859
0.3115542108  1.00002468 0.99998859
0.3120679530  1.00038686 0.99998859
0.3131446661  1.00004541 0.99998859
0.3136758687  1.00003211 0.99998859
0.3139213128  0.99956746 0.99998859
0.3149980014  0.99998230 0.99998859
0.3152608452  0.99990272 0.99998859
0.3155292031  1.00025332 0.99998859
0.3157746726  1.00007425 0.99998859
0.3168513358  1.00029310 0.99998859
0.3171141633  1.00015924 0.99998859
0.3173825194  1.00014046 0.99998859
0.3176280314  0.99986022 0.99998859
0.3187046711  1.00023209 0.99998859
0.3189674895  1.00000290 0.99998859
0.3192358447  1.00024641 0.99998859
0.3194813912  0.99958964 0.99998859
0.3205580055  1.00015461 0.99998859
0.3208207976  1.00021044 0.99998859
0.3210891791  1.00010432 0.99998859
0.3213347510  1.00006616 0.99998859
0.3224113408  0.99994760 0.99998859
0.3226741148  1.00006456 0.99998859
0.3229424954  0.99995902 0.99998859
0.3231881199  1.00002361 0.99998859
0.3242646762  1.00000427 0.99998859
0.3245274410  1.00010146 0.99998859
0.3247958207  0.99995083 0.99998859
0.3250414697  0.99991966 0.99998859
0.3261180106  0.99985261 0.99998859
0.3263807491  0.99986792 0.99998859
0.3266491551  1.00040089 0.99998859
0.3268948295  1.00002480 0.99998859
0.3279713459  1.00055855 0.99998859
0.3282340663  0.99988363 0.99998859
0.3285024804  1.00007838 0.99998859
0.3287481975  0.99999570 0.99998859
0.3298246812  0.99983720 0.99998859
0.3300873934  0.99978755 0.99998859
0.3303557967  1.00002449 0.99998859
0.3306015482  1.00022094 0.99998859
0.3316780156  0.99975143 0.99998859
0.3319407106  1.00003013 0.99998859
0.3322091302  1.00020222 0.99998859
0.3324549071  0.99977421 0.99998859
0.3335313600  0.99995362 0.99998859
0.3337940277  1.00030849 0.99998859
0.3343082760  0.99996502 0.99998859
0.3353846862  0.99962291 0.99998859
0.3359157718  1.00012930 0.99998859
0.3361616258  0.99986367 0.99998859
0.3375006621  1.00013649 0.99998859
0.3377691062  0.99985261 0.99998859
0.3380149847  1.00023621 0.99998859
0.3390913659  0.99999291 0.99998859
0.3393539801  0.99989156 0.99998859
0.3396224315  0.99966309 0.99998859
0.3398683445  1.00011409 0.99998859
0.3409446912  1.00041515 0.99998859
0.3412072973  0.99992988 0.99998859
0.3414757650  0.99974176 0.99998859
0.3417217034  0.99998890 0.99998859
0.3427980356  1.00005490 0.99998859
0.3430606054  0.99981196 0.99998859
0.3433290812  0.99948095 0.99998859
0.3435750623  0.99979786 0.99998859
0.3446513709  1.00012771 0.99998859
0.3449139316  0.99979730 0.99998859
0.3454284212  0.99995388 0.99998859
0.3465046971  0.99964984 0.99998859
0.3467672488  1.00009759 0.99998859
0.3472817801  1.00022683 0.99998859
0.3483580415  1.00005166 0.99998859
0.3486205578  1.00000873 0.99998859
0.3488890563  0.99973773 0.99998859
0.3491351390  0.99980003 0.99998859
0.3502113768  1.00015934 0.99998859
0.3504738840  0.99981528 0.99998859
0.3507423817  0.99999019 0.99998859
0.3509884979  1.00008365 0.99998859
0.3520647212  0.99998944 0.99998859
0.3523272012  0.99986335 0.99998859
0.3525957152  0.99999916 0.99998859
0.3528418568  0.99994600 0.99998859
0.3539180474  0.99991138 0.99998859
0.3541805275  1.00003149 0.99998859
0.3544490314  0.99997364 0.99998859
0.3546952156  1.00013935 0.99998859
0.3557713827  1.00037629 0.99998859
0.3560338365  0.99999592 0.99998859
0.3563023558  1.00028778 0.99998859
0.3565485836  0.99998253 0.99998859
0.3576247280  0.99979924 0.99998859
0.3581556902  0.99999856 0.99998859
0.3584019334  0.99997920 0.99998859
0.3597404799  0.99996349 0.99998859
0.3600090056  0.99993070 0.99998859
0.3602552914  1.00005644 0.99998859
0.3613313896  1.00047200 0.99998859
0.3615937880  0.99985669 0.99998859
0.3618623309  1.00014834 0.99998859
0.3621086594  0.99997482 0.99998859
0.3631847340  0.99959761 0.99998859
0.3634471060  1.00007323 0.99998859
0.3637156644  0.99989064 0.99998859
0.3639620092  1.00003758 0.99998859
0.3650380611  1.00014568 0.99998859
0.3653004323  1.00014321 0.99998859
0.3655689807  1.00000353 0.99998859
0.3658153672  0.99998600 0.99998859
0.3668913964  1.00025324 0.99998859
0.3671537404  0.99988943 0.99998859
0.3674223051  0.99984458 0.99998859
0.3676687352  1.00020085 0.99998859
0.3687447408  0.99992079 0.99998859
0.3690070584  1.00019566 0.99998859
0.3692756395  1.00044448 0.99998859
0.3695220841  1.00001061 0.99998859
0.3705980679  0.99967579 0.99998859
0.3708603847  1.00020371 0.99998859
0.3711289639  1.00002510 0.99998859
0.3713754430  0.99987667 0.99998859
0.3724514123  1.00000809 0.99998859
0.3727136928  1.00004463 0.99998859
0.3729822793  0.99985408 0.99998859
0.3732288100  0.99998347 0.99998859
0.3743047386  1.00015340 0.99998859
0.3745670190  1.00005451 0.99998859
0.3748356137  1.00024008 0.99998859
0.3750821598  1.00005740 0.99998859
0.3761580748  0.99967530 0.99998859
0.3764203371  1.00040330 0.99998859
0.3766889381  0.99993726 0.99998859
0.3780114191  1.00004531 0.99998859
0.3782736542  0.99992868 0.99998859
0.3787888849  1.00003289 0.99998859
0.3798647554  0.99997794 0.99998859
0.3803955879  1.00006409 0.99998859
0.3806422338  1.00020550 0.99998859
0.3819802895  0.99980096 0.99998859
0.3822489123  1.00019306 0.99998859
0.3824955927  1.00000691 0.99998859
0.3835714269  1.00009975 0.99998859
0.3838336067  0.99999363 0.99998859
0.3841022276  1.00001215 0.99998859
0.3843489597  1.00016672 0.99998859
0.3854247631  0.99987116 0.99998859
0.3856869238  0.99976705 0.99998859
0.3859555611  0.99990941 0.99998859
0.3862023087  1.00006284 0.99998859
0.3872780984  1.00019432 0.99998859
0.3875402419  0.99988791 0.99998859
0.3878088765  1.00004987 0.99998859
0.3880556666  0.99972907 0.99998859
0.3891314346  1.00015641 0.99998859
0.3893935591  0.99991450 0.99998859
0.3896622109  1.00022417 0.99998859
0.3899090337  1.00017365 0.99998859
0.3909847699  0.99999992 0.99998859
0.3912468862  1.00003636 0.99998859
0.3915155353  1.00008459 0.99998859
0.3917623917  0.99995937 0.99998859
0.3928381152  0.99996912 0.99998859
0.3931001943  0.99986370 0.99998859
0.3933688507  1.00005412 0.99998859
0.3936157406  0.99937880 0.99998859
0.3946914424  0.99985975 0.99998859
0.3949535205  1.00005494 0.99998859
0.3952221842  1.00026040 0.99998859
0.3965447786  0.99998433 0.99998859
0.3968068386  1.00007696 0.99998859
0.3970755086  1.00000857 0.99998859
0.3973224647  0.99973324 0.99998859
0.3983981239  1.00030531 0.99998859
0.3986601467  1.00002736 0.99998859
0.3989288239  0.99971011 0.99998859
0.3991758136  0.99981372 0.99998859
0.4002514501  0.99983060 0.99998859
0.4005134729  1.00019327 0.99998859
0.4007821574  0.99993604 0.99998859
0.4010291807  0.99988403 0.99998859
0.4021047863  1.00031731 0.99998859
0.4026354818  1.00028144 0.99998859
0.4028825378  0.99996112 0.99998859
0.4042200991  0.99992052 0.99998859
0.4044888063  0.99980759 0.99998859
0.4047358958  1.00000348 0.99998859
0.4058114588  0.99953300 0.99998859
0.4063421307  0.99966461 0.99998859
0.4065892538  1.00020831 0.99998859
0.4076648040  0.99993689 0.99998859
0.4079267344  1.00025154 0.99998859
0.4081954551  1.00000345 0.99998859
0.4084426108  0.99994872 0.99998859
0.4095181403  1.00030683 0.99998859
0.4097800524  0.99982937 0.99998859
0.4100487795  0.99998899 0.99998859
0.4102959688  1.00005511 0.99998859
0.4113714674  1.00024455 0.99998859
0.4116333787  0.99951222 0.99998859
0.4119021040  1.00042754 0.99998859
0.4121493259  1.00016836 0.99998859
0.4132248127  1.00029130 0.99998859
0.4134866868  0.99981726 0.99998859
0.4137554284  1.00005421 0.99998859
0.4140026830  1.00002845 0.99998859
0.4150781489  1.00000510 0.99998859
0.4153400139  0.99979301 0.99998859
0.4156087528  0.99995993 0.99998859
0.4158560410  0.99979152 0.99998859
0.4169314760  1.00009697 0.99998859
0.4171933311  1.00008208 0.99998859
0.4174620863  1.00037448 0.99998859
0.4177093980  0.99975721 0.99998859
0.4187848222  1.00000851 0.99998859
0.4190466401  1.00045638 0.99998859
0.4193154017  1.00000778 0.99998859
0.4195627460  0.99995403 0.99998859
0.4206381585  0.99998080 0.99998859
0.4208999663  0.99992752 0.99998859
0.4211687252  0.99979525 0.99998859
0.4214161122  1.00003164 0.99998859
0.4224915037  0.99998777 0.99998859
0.4227532844  0.99995590 0.99998859
0.4230220587  1.00021531 0.99998859
0.4232694702  0.99987522 0.99998859
0.4243448309  1.00032745 0.99998859
0.4246066016  0.99992806 0.99998859
0.4248753740  1.00019063 0.99998859
0.4251228273  1.00014824 0.99998859
0.4264599196  1.00016906 0.99998859
0.4267286984  0.99991721 0.99998859
0.4269761843  1.00010857 0.99998859
0.4283132368  1.00027877 0.99998859
0.4285820310  0.99955920 0.99998859
0.4288295414  1.00014194 0.99998859
0.4301665549  1.00009838 0.99998859
0.4306828985  0.99996473 0.99998859
0.4320198720  1.00007277 0.99998859
0.4325362646  1.00017555 0.99998859
0.4338731901  0.99988489 0.99998859
0.4341420043  0.99956612 0.99998859
0.4343896127  1.00011130 0.99998859
0.4357265073  1.00002641 0.99998859
0.4359953187  0.99983027 0.99998859
0.4362429688  0.99995323 0.99998859
0.4375798344  0.99989888 0.99998859
0.4378486432  0.99982943 0.99998859
0.4380963350  0.99997289 0.99998859
0.4394331425  1.00001545 0.99998859
0.4397019758  0.99973568 0.99998859
0.4399496830  1.00002434 0.99998859
0.4412864697  1.00035168 0.99998859
0.4415552911  1.00013419 0.99998859
0.4418030401  1.00031273 0.99998859
0.4431397868  0.99991939 0.99998859
0.4434086246  0.99995244 0.99998859
0.4436564053  0.99982605 0.99998859
0.4449930958  0.99970560 0.99998859
0.4452619481  1.00017373 0.99998859
0.4455097533  0.99993411 0.99998859
0.4471152725  0.99996612 0.99998859
0.4473631095  1.00002246 0.99998859
0.4486997401  1.00017243 0.99998859
0.4489685961  1.00008162 0.99998859
0.4492164756  1.00001897 0.99998859
0.4505530491  0.99986650 0.99998859
0.4508219205  0.99987753 0.99998859
0.4510698227  0.99962117 0.99998859
0.4524063754  0.99995850 0.99998859
0.4526752349  1.00004716 0.99998859
0.4529231798  0.99987832 0.99998859
0.4542596935  0.99981564 0.99998859
0.4545285684  1.00018834 0.99998859
0.4547765451  0.99975742 0.99998859
0.4561130016  1.00015280 0.99998859
0.4563818919  1.00006382 0.99998859
0.4566298922  0.99959859 0.99998859
0.4579663287  1.00003840 0.99998859
0.4582352073  1.00007504 0.99998859
0.4584832492  1.00012455 0.99998859
0.4598196468  1.00031948 0.99998859
0.4600885399  0.99996118 0.99998859
0.4603366145  1.00042471 0.99998859
0.4616729639  0.99994020 0.99998859
0.4619418634  0.99998429 0.99998859
0.4621899616  1.00010345 0.99998859
0.4635262820  1.00015893 0.99998859
0.4637951787  1.00002726 0.99998859
0.4640433177  1.00039539 0.99998859
0.4653796001  1.00012298 0.99998859
0.4656485113  1.00000464 0.99998859
0.4658966830  0.99998502 0.99998859
0.4672329173  0.99946728 0.99998859
0.4677500392  1.00010897 0.99998859
0.4693551502  1.00000322 0.99998859
0.4696033863  1.00004515 0.99998859
0.4709395534  0.99977382 0.99998859
0.4712084828  0.99987920 0.99998859
0.4714567515  1.00008354 0.99998859
0.4727928706  1.00010639 0.99998859
0.4730618063  0.99973234 0.99998859
0.4733101077  1.00002337 0.99998859
0.4746461886  0.99998124 0.99998859
0.4749151208  1.00031953 0.99998859
0.4751634548  0.99997000 0.99998859
0.4764995067  0.99991492 0.99998859
0.4767684542  0.99960159 0.99998859
0.4770168200  0.99988144 0.99998859
0.4783528239  0.99980708 0.99998859
0.4786217778  1.00028087 0.99998859
0.4788701762  0.99996465 0.99998859
0.4802061420  1.00012238 0.99998859
0.4804751013  0.99986298 0.99998859
0.4807235233  0.99992320 0.99998859
0.4820594691  1.00000077 0.99998859
0.4823284248  0.99993969 0.99998859
0.4825768876  0.99980062 0.99998859
0.4839127863  1.00001533 0.99998859
0.4841817483  0.99981583 0.99998859
0.4844302347  1.00005391 0.99998859
0.4857660953  0.99987245 0.99998859
0.4860350718  1.00018094 0.99998859
0.4862835900  1.00006489 0.99998859
0.4876194224  1.00024877 0.99998859
0.4878883962  1.00012144 0.99998859
0.4881369552  0.99984534 0.99998859
0.4894727405  1.00016538 0.99998859
0.4897417198  1.00012895 0.99998859
0.4899903023  0.99989355 0.99998859
0.4913260486  1.00019110 0.99998859
0.4915950524  0.99969562 0.99998859
0.4918436576  0.99984450 0.99998859
0.4931793757  1.00017199 0.99998859
0.4934483759  1.00004904 0.99998859
0.4936970219  1.00000331 0.99998859
0.4947716551  0.99995356 0.99998859
0.4950326938  0.99990183 0.99998859
0.4953016903  1.00021455 0.99998859
0.4955503690  1.00011561 0.99998859
0.4966249923  0.99996429 0.99998859
0.4968860028  0.99993129 0.99998859
0.4971550229  1.00012197 0.99998859
0.4974037243  1.00016518 0.99998859
0.4984783394  0.99979730 0.99998859
0.4987393290  0.99978873 0.99998859
0.4990083464  1.00010639 0.99998859
0.4992570886  0.99991826 0.99998859
0.5000636938  1.00024463 0.99998859
0.5013861386  1.00001617 0.99998859
0.5016545419  0.99973897 0.99998859
0.5019170391  1.00018214 0.99998859
0.5032394639  1.00000080 0.99998859
0.5035078590  0.99994774 0.99998859
0.5037703663  0.99994654 0.99998859
0.5050927883  0.99984619 0.99998859
0.5053611853  1.00015405 0.99998859
0.5056237025  1.00023591 0.99998859
0.5072144934  0.99959424 0.99998859
0.5074770478  0.99974350 0.99998859
0.5087994381  0.99978549 0.99998859
0.5090678015  0.99998435 0.99998859
0.5106527634  1.00000871 0.99998859
0.5109211286  0.99995458 0.99998859
0.5125060879  1.00016831 0.99998859
0.5127744458  0.99985106 0.99998859
0.5130370564  0.99981835 0.99998859
0.5146277539  1.00011043 0.99998859
0.5148903836  0.99999786 0.99998859
0.5162127376  1.00020863 0.99998859
0.5164810801  1.00009874 0.99998859
0.5167437279  1.00004095 0.99998859
0.5180660629  0.99991561 0.99998859
0.5183343973  1.00005969 0.99998859
0.5185970641  0.99989944 0.99998859
0.5201877235  1.00012417 0.99998859
0.5204503913  1.00004768 0.99998859
0.5220410316  1.00020801 0.99998859
0.5223037366  1.00000801 0.99998859
0.5238943497  0.99988045 0.99998859
0.5241570719  1.00034796 0.99998859
0.5254793724  1.00002935 0.99998859
0.5257476759  1.00006191 0.99998859
0.5260103990  1.00002699 0.99998859
0.5273326878  1.00033033 0.99998859
0.5276009840  0.99974010 0.99998859
0.5278637443  1.00022014 0.99998859
0.5291860131  0.99991980 0.99998859
0.5294543012  0.99991353 0.99998859
0.5297170796  1.00023648 0.99998859
0.5315704068  1.00000794 0.99998859
0.5328926638  1.00027427 0.99998859
0.5331609355  0.99988966 0.99998859
0.5334237512  0.99974288 0.99998859
0.5347459882  0.99980264 0.99998859
0.5350142527  0.99996355 0.99998859
0.5352770874  0.99971572 0.99998859
0.5368675789  1.00015990 0.99998859
0.5371304136  1.00002181 0.99998859
0.5384526389  0.99992063 0.99998859
0.5387208961  1.00036097 0.99998859
0.5389837589  0.99986788 0.99998859
0.5403059733  0.99994520 0.99998859
0.5405742042  0.99980226 0.99998859
0.5408370942  1.00015078 0.99998859
0.5421592986  1.00002121 0.99998859
0.5424275313  0.99987105 0.99998859
0.5426904295  0.99985139 0.99998859
0.5440126148  1.00000058 0.99998859
0.5442808485  1.00001589 0.99998859
0.5445437657  1.00001731 0.99998859
0.5458659492  1.00028385 0.99998859
0.5461341566  1.00015004 0.99998859
0.5477192737  0.99989743 0.99998859
0.5479874828  1.00013235 0.99998859
0.5495725899  1.00022024 0.99998859
0.5498408000  1.00015712 0.99998859
0.5501037716  0.99942111 0.99998859
0.5514259243  0.99986100 0.99998859
0.5516941262  0.99993300 0.99998859
0.5519571070  1.00003224 0.99998859
0.5532792497  0.99974326 0.99998859
0.5535474343  0.99989234 0.99998859
0.5538104432  0.99980348 0.99998859
0.5551325750  0.99980024 0.99998859
0.5554007515  0.99986522 0.99998859
0.5569859003  0.99984146 0.99998859
0.5572540777  0.99987172 0.99998859
0.5575171138  1.00001101 0.99998859
0.5591073858  0.99992735 0.99998859
0.5593704491  1.00017923 0.99998859
0.5606925610  1.00007564 0.99998859
0.5609607030  1.00008549 0.99998859
0.5612237935  1.00014739 0.99998859
0.5625458863  1.00009870 0.99998859
0.5628140292  1.00016186 0.99998859
0.5630771197  1.00005312 0.99998859
0.5643992025  1.00003846 0.99998859
0.5646673373  0.99996442 0.99998859
0.5649304550  0.99993695 0.99998859
0.5662525370  0.99994573 0.99998859
0.5665206545  1.00007037 0.99998859
0.5667837994  1.00006809 0.99998859
0.5681058623  0.99988163 0.99998859
0.5683739717  1.00002697 0.99998859
0.5686371256  0.99974921 0.99998859
0.5699591785  1.00011405 0.99998859
0.5702272888  1.00001923 0.99998859
0.5704904609  1.00013276 0.99998859
0.5718125138  1.00006763 0.99998859
0.5720806060  0.99993493 0.99998859
0.5723438044  0.99972771 0.99998859
0.5736658392  1.00013472 0.99998859
0.5739339232  1.00018529 0.99998859
0.5741971307  1.00010283 0.99998859
0.5755191645  0.99992761 0.99998859
0.5757872403  0.99998132 0.99998859
0.5760504660  0.99998297 0.99998859
0.5773724898  1.00020673 0.99998859
0.5776405666  0.99983852 0.99998859
0.5779038103  1.00011768 0.99998859
0.5792258070  0.99989293 0.99998859
0.5797571357  0.99998717 0.99998859
0.5816104801  1.00034564 0.99998859
0.5829324667  1.00008530 0.99998859
0.5834638063  0.99991774 0.99998859
0.5836939778  1.00044068 0.99998859
0.5847857839  1.00013413 0.99998859
0.5853171407  0.99990466 0.99998859
0.5855473466  0.99999637 0.99998859
0.5866391183  1.00003979 0.99998859
0.5871704851  1.00005135 0.99998859
0.5874007246  0.99993128 0.99998859
0.5884924436  0.99972941 0.99998859
0.5890238204  0.99978046 0.99998859
0.5892541034  1.00000480 0.99998859
0.5903457608  0.99999999 0.99998859
0.5908771457  0.99992915 0.99998859
0.5911074814  0.99961458 0.99998859
0.5921990952  0.99999958 0.99998859
0.5927304901  1.00013541 0.99998859
0.5929608684  0.99938795 0.99998859
0.5940524214  0.99987274 0.99998859
0.5945838245  1.00026815 0.99998859
0.5948142363  0.99971484 0.99998859
0.5959057558  0.99961048 0.99998859
0.5964371498  1.00000672 0.99998859
0.5966676143  0.99964561 0.99998859
0.5977590730  0.99985442 0.99998859
0.5982904942  1.00042435 0.99998859
0.5996123983  0.99985517 0.99998859
0.6014657336  0.99980764 0.99998859
0.6019971548  1.00007424 0.99998859
0.6035869969  0.99975162 0.99998859
0.6038504983  0.99999052 0.99998859
0.6051723761  1.00004800 0.99998859
0.6054403232  0.99990734 0.99998859
0.6057038327  0.99994434 0.99998859
0.6070257115  1.00014741 0.99998859
0.6072936403  0.99991122 0.99998859
0.6075571580  0.99984957 0.99998859
0.6088790277  1.00005218 0.99998859
0.6091469666  1.00014790 0.99998859
0.6094105024  0.99979891 0.99998859
0.6096412671  1.00054457 0.99998859
0.6107323540  1.00014112 0.99998859
0.6110002747  1.00008681 0.99998859
0.6112638368  0.99992823 0.99998859
0.6114946442  1.00004151 0.99998859
0.6125856884  1.00019123 0.99998859
0.6128535918  1.00023259 0.99998859
0.6133480121  1.00010651 0.99998859
0.6144390146  1.00027762 0.99998859
0.6147069181  1.00025230 0.99998859
0.6149705056  0.99992272 0.99998859
0.6152013991  0.99943914 0.99998859
0.6162923408  1.00020910 0.99998859
0.6165602262  1.00006965 0.99998859
0.6168238400  0.99984643 0.99998859
0.6170547762  0.99967337 0.99998859
0.6181456671  0.99993276 0.99998859
0.6184135433  1.00026540 0.99998859
0.6186771744  1.00009643 0.99998859
0.6199989924  1.00002138 0.99998859
0.6202668696  0.99990602 0.99998859
0.6205305088  0.99978946 0.99998859
0.6218523186  0.99986526 0.99998859
0.6221201768  0.99997489 0.99998859
0.6226149073  0.99973373 0.99998859
0.6237056449  0.99976664 0.99998859
0.6239734939  0.99974644 0.99998859
0.6244682752  0.99972952 0.99998859
0.6258268202  1.00007761 0.99998859
0.6260905120  0.99996828 0.99998859
0.6263216613  1.00020880 0.99998859
0.6274123064  1.00007033 0.99998859
0.6276801373  0.99983266 0.99998859
0.6279438464  0.99997520 0.99998859
0.6281750384  1.00043283 0.99998859
0.6292656236  0.99970542 0.99998859
0.6295334454  0.99980166 0.99998859
0.6297971808  1.00021624 0.99998859
0.6300284063  1.00010098 0.99998859
0.6311189580  0.99985337 0.99998859
0.6313867717  0.99990802 0.99998859
0.6316505234  1.00011542 0.99998859
0.6329722842  0.99986981 0.99998859
0.6332400888  1.00019752 0.99998859
0.6335038487  1.00014390 0.99998859
0.6337351695  1.00038935 0.99998859
0.6348256014  0.99980465 0.99998859
0.6350933960  1.00001833 0.99998859
0.6353571831  1.00005014 0.99998859
0.6355885547  1.00039831 0.99998859
0.6366789367  1.00026290 0.99998859
0.6369467223  0.99982295 0.99998859
0.6372105266  0.99998630 0.99998859
0.6374419226  1.00029429 0.99998859
0.6385322539  1.00008371 0.99998859
0.6388000394  1.00012388 0.99998859
0.6390638510  1.00019368 0.99998859
0.6392952997  1.00021307 0.99998859
0.6403855801  1.00026461 0.99998859
0.6406533566  0.99980591 0.99998859
0.6409171854  1.00026899 0.99998859
0.6411486849  0.99998871 0.99998859
0.6422389154  1.00000864 0.99998859
0.6425066738  1.00007027 0.99998859
0.6427705289  1.00009807 0.99998859
0.6430020528  0.99992930 0.99998859
0.6440922326  0.99982691 0.99998859
0.6443599818  0.99974229 0.99998859
0.6446238533  0.99951981 0.99998859
0.6448554290  0.99971674 0.99998859
0.6459455588  0.99997706 0.99998859
0.6464771877  0.99979919 0.99998859
0.6467088142  0.99951560 0.99998859
0.6480666243  1.00015626 0.99998859
0.6483305221  0.99979782 0.99998859
0.6485621912  0.99972399 0.99998859
0.6496522122  1.00019073 0.99998859
0.6499199324  1.00028716 0.99998859
0.6501838556  0.99992892 0.99998859
0.6504155582  1.00011715 0.99998859
0.6515055475  1.00015020 0.99998859
0.6517732587  1.00000812 0.99998859
0.6520371991  1.00011055 0.99998859
0.6522689434  0.99951486 0.99998859
0.6533588737  0.99979459 0.99998859
0.6536265758  1.00033852 0.99998859
0.6538905235  1.00003863 0.99998859
0.6541223196  0.99950782 0.99998859
0.6552121909  1.00022855 0.99998859
0.6554798839  0.99990463 0.99998859
0.6557438570  0.99992991 0.99998859
0.6559756875  0.99953541 0.99998859
0.6570655262  1.00009748 0.99998859
0.6573332093  0.99990954 0.99998859
0.6575972005  0.99999864 0.99998859
0.6578290727  0.99993148 0.99998859
0.6589188534  0.99993619 0.99998859
0.6591865264  1.00001153 0.99998859
0.6594505249  0.99972796 0.99998859
0.6596824398  1.00031139 0.99998859
0.6607721796  0.99988401 0.99998859
0.6610398436  1.00025027 0.99998859
0.6613038593  1.00027149 0.99998859
0.6615358150  1.00031911 0.99998859
0.6626255058  1.00006935 0.99998859
0.6628931608  0.99987289 0.99998859
0.6631572019  1.00004568 0.99998859
0.6644788321  0.99976133 0.99998859
0.6647464779  0.99982918 0.99998859
0.6650105354  0.99995322 0.99998859
0.6663321592  1.00008191 0.99998859
0.6665998033  0.99993196 0.99998859
0.6670959434  1.00042107 0.99998859
0.6681854855  1.00027217 0.99998859
0.6684531114  1.00015208 0.99998859
0.6687172033  0.99964450 0.99998859
0.6689493286  1.00043085 0.99998859
0.6703064285  1.00017652 0.99998859
0.6705705368  0.99994433 0.99998859
0.6708026947  1.00017148 0.99998859
0.6718921479  0.99985932 0.99998859
0.6721597548  0.99980388 0.99998859
0.6724238612  1.00016485 0.99998859
0.6726560709  0.99998532 0.99998859
0.6737454741  0.99985588 0.99998859
0.6740130719  1.00003710 0.99998859
0.6742772038  1.00028340 0.99998859
0.6745094552  1.00002895 0.99998859
0.6755987922  1.00020320 0.99998859
0.6758663791  0.99996085 0.99998859
0.6761305372  0.99971283 0.99998859
0.6763628222  0.99998299 0.99998859
0.6774521275  0.99997376 0.99998859
0.6777197054  1.00021449 0.99998859
0.6779838617  1.00034773 0.99998859
0.6782161974  0.99996855 0.99998859
0.6793054547  0.99998747 0.99998859
0.6795730225  1.00004577 0.99998859
0.6798372042  1.00006256 0.99998859
0.6800695826  0.99988482 0.99998859
0.6811587718  1.00014785 0.99998859
0.6814263306  1.00030285 0.99998859
0.6816905377  0.99977873 0.99998859
0.6819229578  0.99994663 0.99998859
0.6830121081  1.00025216 0.99998859
0.6832796560  0.99983724 0.99998859
0.6835438622  1.00049857 0.99998859
0.6837763331  0.99995080 0.99998859
0.6851329731  0.99988893 0.99998859
0.6853972047  1.00029030 0.99998859
0.6856297092  0.99979825 0.99998859
0.6867187705  0.99936567 0.99998859
0.6869862812  0.99999441 0.99998859
0.6872505382  1.00017519 0.99998859
0.6885720877  0.99935908 0.99998859
0.6888396075  0.99983064 0.99998859
0.6893364596  1.00016756 0.99998859
0.6904254148  0.99996454 0.99998859
0.6909572052  0.99981574 0.99998859
0.6911898349  1.00002309 0.99998859
0.6925462318  1.00015852 0.99998859
0.6928105378  1.00004531 0.99998859
0.6930432101  0.99984111 0.99998859
0.6941320682  1.00014017 0.99998859
0.6943995580  1.00020158 0.99998859
0.6946638713  1.00000945 0.99998859
0.6948965944  0.99986725 0.99998859
0.6959853953  0.99993694 0.99998859
0.6962528752  1.00020103 0.99998859
0.6965172048  0.99992896 0.99998859
0.6967499605  0.99998759 0.99998859
0.6978387225  0.99993391 0.99998859
0.6981062005  1.00010803 0.99998859
0.6983705383  0.99992676 0.99998859
0.6986033357  1.00025180 0.99998859
0.6996920487  1.00054137 0.99998859
0.6999595086  0.99995790 0.99998859
0.7002238709  0.99988285 0.99998859
0.7004567191  1.00024943 0.99998859
0.7015453759  0.99962348 0.99998859
0.7018128258  0.99981648 0.99998859
0.7020772044  0.99991511 0.99998859
0.7023100853  1.00009342 0.99998859
0.7033987030  1.00002293 0.99998859
0.7036661430  0.99984288 0.99998859
0.7039305378  1.00013920 0.99998859
0.7041634605  1.00028768 0.99998859
0.7052520302  0.99996858 0.99998859
0.7055194592  1.00015221 0.99998859
0.7057838704  1.00008333 0.99998859
0.7060168439  0.99975765 0.99998859
0.7071053655  0.99974927 0.99998859
0.7073727764  0.99998940 0.99998859
0.7076372130  1.00004770 0.99998859
0.7078702100  0.99999419 0.99998859
0.7089586835  1.00014190 0.99998859
0.7092260936  1.00013637 0.99998859
0.7094905365  0.99985728 0.99998859
0.7097235852  0.99998049 0.99998859
0.7108120107  1.00011184 0.99998859
0.7110794098  1.00026106 0.99998859
0.7113438700  0.99989394 0.99998859
0.7115769686  1.00005960 0.99998859
0.7126653469  0.99976246 0.99998859
0.7129327270  0.99978858 0.99998859
0.7131972026  1.00003579 0.99998859
0.7134303339  1.00008651 0.99998859
0.7147860442  0.99989590 0.99998859
0.7150505361  0.99985685 0.99998859
0.7152837091  0.99990211 0.99998859
0.7163719921  0.99955200 0.99998859
0.7166393613  0.99981647 0.99998859
0.7169038777  0.99974077 0.99998859
0.7171370834  0.99996066 0.99998859
0.7182253283  1.00007317 0.99998859
0.7184926776  1.00025278 0.99998859
0.7187572022  0.99978939 0.99998859
0.7189904577  0.99993843 0.99998859
0.7200786464  1.00051179 0.99998859
0.7203460038  1.00002195 0.99998859
0.7206105348  1.00013086 0.99998859
0.7208438329  0.99990896 0.99998859
0.7219319736  1.00024295 0.99998859
0.7221993119  0.99989859 0.99998859
0.7224638764  1.00013062 0.99998859
0.7226972073  0.99999709 0.99998859
0.7237853098  1.00049444 0.99998859
0.7240526373  0.99990361 0.99998859
0.7243172008  0.99990740 0.99998859
0.7245505816  1.00018828 0.99998859
0.7256386369  0.99992401 0.99998859
0.7259059544  1.00020765 0.99998859
0.7261705334  1.00036416 0.99998859
0.7264039559  0.99975213 0.99998859
0.7274919641  1.00001570 0.99998859
0.7277592625  0.99999786 0.99998859
0.7280238751  1.00015810 0.99998859
0.7282573393  1.00014758 0.99998859
0.7293452912  0.99999457 0.99998859
0.7296125878  1.00004007 0.99998859
0.7298771986  1.00016729 0.99998859
0.7301107045  0.99985217 0.99998859
0.7311986184  1.00044746 0.99998859
0.7314659050  0.99964875 0.99998859
0.7317305321  1.00035525 0.99998859
0.7330519546  1.00019034 0.99998859
0.7333192131  1.00011142 0.99998859
0.7338174613  0.99995929 0.99998859
0.7349052726  0.99992554 0.99998859
0.7354371973  0.99990051 0.99998859
0.7356708265  1.00012661 0.99998859
0.7367586007  0.99981565 0.99998859
0.7370258556  0.99951565 0.99998859
0.7372905299  0.99983317 0.99998859
0.7375242008  0.99982822 0.99998859
0.7386119369  0.99979512 0.99998859
0.7388791637  0.99934512 0.99998859
0.7391438715  0.99983508 0.99998859
0.7393775833  0.99990338 0.99998859
0.7404652550  0.99999635 0.99998859
0.7409972041  1.00011755 0.99998859
0.7412309486  1.00012696 0.99998859
0.7423185912  0.99986761 0.99998859
0.7425858062  1.00025899 0.99998859
0.7428505276  1.00001799 0.99998859
0.7430843229  0.99983427 0.99998859
0.7441719183  0.99981463 0.99998859
0.7444391143  0.99993659 0.99998859
0.7447038693  0.99990748 0.99998859
0.7449377054  1.00017524 0.99998859
0.7460252373  1.00004345 0.99998859
0.7462924405  1.00009062 0.99998859
0.7465572019  0.99989742 0.99998859
0.7467910706  1.00003462 0.99998859
0.7478785735  0.99996742 0.99998859
0.7481457568  1.00004644 0.99998859
0.7484105254  1.00025713 0.99998859
0.7486444440  1.00018689 0.99998859
0.7497319007  1.00025176 0.99998859
0.7499990830  1.00059052 0.99998859
