-0.2498301838 1.00013518 0
-0.2495395657 1.00012455 0
-0.2492489476 1.00009284 0
-0.2489583295 1.000346315 0
-0.2483770933 1.00021988 0
-0.2480864753 1.00010345 0
-0.2477958572 0.99999472 0
-0.2475052391 1.00022863 0
-0.247214621 1.00039539 0
-0.2469240029 0.99977387 0
-0.2466333849 1.000070295 0
-0.2460521487 1.000045235 0
-0.2457615306 1.00010897 0
-0.2451802944 1.00010788 0
-0.2448896764 1.00004515 0
-0.2445990583 1.00025676 0
-0.2443084402 1.000218495 0
-0.243727204 1.000266615 0
-0.2434365859 1.00002337 0
-0.2431459679 1.00009487 0
-0.2428553498 0.999702665 0
-0.2422741136 1.00028145 0
-0.2419834955 0.999871075 0
-0.2414022594 1.00006865 0
-0.2411116413 0.99996465 0
-0.2408210232 0.99987867 0
-0.2405304051 0.99989298 0
-0.239949169 0.999919185 0
-0.2396585509 0.99980062 0
-0.2390773147 0.99996607 0
-0.2387866966 1.00005391 0
-0.2384960785 0.99969802 0
-0.2382054605 1.000174045 0
-0.2376242243 1.000128525 0
-0.2373336062 0.99984534 0
-0.2370429881 1.00006093 0
-0.23675237 0.99994641 0
-0.236461752 0.99989355 0
-0.2358805158 0.999940875 0
-0.2352992796 1.000010395 0
-0.2350086616 1.00000331 0
-0.2347180435 1.00021754 0
-0.2344274254 1.00012512 0
-0.2341368073 1.00011561 0
-0.2338461892 1.00013656 0
-0.2335555711 1.00029107 0
-0.232974335 1.000126815 0
-0.2326837169 0.99991826 0
-0.2323930988 1.00043917 0
-0.2321024807 0.99948707 0
-0.2315212446 0.99977309 0
-0.2312306265 0.99987915 0
-0.2306493903 0.999826345 0
-0.2303587722 1.0001022 0
-0.2300681542 1.00013584 0
-0.2297775361 1.00012459 0
-0.2291962999 0.99992469 0
-0.2289056818 1.00014832 0
-0.2283244457 0.99999493 0
-0.2277432095 1.00003947 0
-0.2274525914 1.00024186 0
-0.2268713552 0.99977039 0
-0.2265807372 1.00011263 0
-0.2262901191 1.00028282 0
-0.225999501 0.99974443 0
-0.2257088829 0.99988975 0
-0.2254182648 0.99976105 0
-0.2251276467 1.00008723 0
-0.2245464106 0.99999281 0
-0.2242557925 0.999988 0
-0.2239651744 1.00000903 0
-0.2236745563 1.00010491 0
-0.2233839383 1.00019643 0
-0.2230933202 0.99993648 0
-0.2228027021 1.000152055 0
-0.2222214659 1.00005156 0
-0.2219308478 0.9999375 0
-0.2216402298 0.99971334 0
-0.2213496117 1.0000065 0
-0.2210589936 1.00003355 0
-0.2207683755 1.00015053 0
-0.2204777574 0.99990588 0
-0.2198965213 0.999854195 0
-0.2196059032 0.99991189 0
-0.2193152851 0.99987092 0
-0.219024667 0.99995512 0
-0.2184434309 1.00000361 0
-0.2181528128 1.000035855 0
-0.2175715766 0.99991156 0
-0.2172809585 0.99989893 0
-0.2169903404 0.99967674 0
-0.2166997224 1.00028651 0
-0.2161184862 1.00008832 0
-0.2158278681 1.00008761 0
-0.21553725 1.00022278 0
-0.2152466319 1.00019172 0
-0.2149560139 0.99998409 0
-0.2146653958 1.00013521 0
-0.2143747777 1.00018602 0
-0.2137935415 1.000158715 0
-0.2135029235 0.999963 0
-0.2132123054 1.00002082 0
-0.2129216873 1.00012769 0
-0.2126310692 0.99976638 0
-0.2123404511 0.99988722 0
-0.212049833 0.99983547 0
-0.2114685969 0.99991358 0
-0.2111779788 1.0000678 0
-0.2108873607 0.99970889 0
-0.2105967426 1.0002143 0
-0.2103061245 0.99989169 0
-0.2100155065 1.00013109 0
-0.2097248884 0.99987962 0
-0.2091436522 1.00004701 0
-0.2088530341 1.0000001 0
-0.208562416 1.00002538 0
-0.208271798 0.999964595 0
-0.2076905618 0.99982824 0
-0.2073999437 1.000102855 0
-0.2068187076 0.999962285 0
-0.2065280895 0.99976245 0
-0.2062374714 0.99988713 0
-0.2059468533 1.000314945 0
-0.2053656171 1.00002447 0
-0.2050749991 0.99984467 0
-0.2044937629 1.00001571 0
-0.2042031448 1.00041008 0
-0.2039125267 1.00012841 0
-0.2036219086 1.000132885 0
-0.2030406725 1.000043075 0
-0.2027500544 0.99971328 0
-0.2024594363 0.99985913 0
-0.2021688182 0.9997171 0
-0.2018782002 1.00042429 0
-0.2015875821 0.99988511 0
-0.201296964 1.000172755 0
-0.2007157278 1.000130445 0
-0.2001344917 1.00018136 0
-0.1998438736 0.99991306 0
-0.1995532555 1.00028319 0
-0.1989720193 1.00003872 0
-0.1983907832 1.000042205 0
-0.1981001651 0.99991219 0
-0.197809547 1.00018383 0
-0.1975189289 1.000029555 0
-0.1969376928 1.0000318 0
-0.1966470747 1.000211645 0
-0.1960658385 1.00019235 0
-0.1957752204 0.99999332 0
-0.1954846023 0.9998021 0
-0.1951939843 0.999982695 0
-0.1946127481 0.999953945 0
-0.19432213 1.00009045 0
-0.1937408938 0.999998655 0
-0.1934502758 1.00005771 0
-0.1931596577 1.00034027 0
-0.1928690396 0.999983245 0
-0.1922878034 1.000011085 0
-0.1919971853 0.99992258 0
-0.1917065673 0.99989606 0
-0.1914159492 1.00000715 0
-0.1911253311 0.99979702 0
-0.190834713 0.99996836 0
-0.1905440949 1.000168065 0
-0.1899628588 0.99987009 0
-0.1893816226 1.00002093 0
-0.1890910045 1.00033995 0
-0.1885097684 0.99980171 0
-0.1882191503 1.00040038 0
-0.1876379141 1.000167815 0
-0.187347296 0.99999025 0
-0.1870566779 0.99994167 0
-0.1867660599 1.00016279 0
-0.1864754418 0.99989133 0
-0.1861848237 0.99996469 0
-0.1858942056 0.99981066 0
-0.1853129695 1.000078905 0
-0.1850223514 0.99993864 0
-0.1847317333 1.00001913 0
-0.1844411152 0.999934215 0
-0.183859879 0.99998052 0
-0.183569261 0.9999605 0
-0.1829880248 1.000031505 0
-0.1826974067 1.00048107 0
-0.1824067886 1.00033328 0
-0.1821161705 1.00037304 0
-0.1815349344 0.999972625 0
-0.1812443163 1.00015774 0
-0.1806630801 0.99989951 0
-0.180081844 1.00002616 0
-0.1797912259 1.000010015 0
-0.1792099897 0.999929565 0
-0.1789193716 1.00012376 0
-0.1786287536 1.00010316 0
-0.1783381355 1.00005618 0
-0.1780475174 0.99988179 0
-0.1777568993 1.00017461 0
-0.1774662812 1.00035511 0
-0.1768850451 0.99991818 0
-0.176594427 0.99992619 0
-0.1763038089 0.9999853 0
-0.1760131908 1.00012208 0
-0.1757225727 0.99984583 0
-0.1754319546 1.00003551 0
-0.1751413366 1.000034555 0
-0.1745601004 0.999983525 0
-0.1742694823 0.99996745 0
-0.1739788642 0.99996861 0
-0.1736882462 1.000109885 0
-0.17310701 1.00019184 0
-0.1728163919 1.00001841 0
-0.1722351557 0.99997236 0
-0.1719445377 1.00022934 0
-0.1713633015 0.9998494 0
-0.1707820653 0.999814145 0
-0.1704914472 0.9998919 0
-0.1699102111 0.999798655 0
-0.169619593 0.99991163 0
-0.1693289749 1.00013946 0
-0.1690383568 1.000021205 0
-0.1684571207 0.99982938 0
-0.1681665026 1.00022846 0
-0.1678758845 0.99990006 0
-0.1672946483 0.99993712 0
-0.1670040303 1.00011729 0
-0.1667134122 0.999995965 0
-0.166132176 0.999942795 0
-0.1658415579 0.99999925 0
-0.1655509398 0.9999783 0
-0.1652603218 1.00005033 0
-0.1649697037 0.99982265 0
-0.1646790856 0.99993947 0
-0.1643884675 0.999895385 0
-0.1638072314 1.0001915 0
-0.1635166133 1.000033 0
-0.1632259952 0.99997297 0
-0.1629353771 1.00006053 0
-0.1620635229 1.000146405 0
-0.1614822867 0.999826365 0
-0.1611916686 1.00049346 0
-0.1609010505 0.9998056 0
-0.1606104324 1.000119375 0
-0.1600291963 1.000062895 0
-0.1597385782 1.00005684 0
-0.159157342 1.000308515 0
-0.1588667239 1.00001647 0
-0.1585761059 1.00001617 0
-0.1582854878 1.0000184 0
-0.1577042516 1.00010449 0
-0.1574136335 1.00009117 0
-0.1571230155 0.99984619 0
-0.1568323974 0.99978571 0
-0.1565417793 0.99996094 0
-0.1559605431 0.999853365 0
-0.155379307 0.99979833 0
-0.1550886889 1.00006053 0
-0.1547980708 1.00000871 0
-0.1545074527 0.99991887 0
-0.1539262165 1.00016831 0
-0.1536355985 1.00000295 0
-0.1530543623 1.00008841 0
-0.1527637442 1.00005504 0
-0.1524731261 1.00020863 0
-0.1521825081 1.0000733 0
-0.15189189 1.00005827 0
-0.1516012719 0.99991561 0
-0.1513106538 1.0000925 0
-0.1507294176 1.000080535 0
-0.1504387996 0.99961493 0
-0.1498575634 0.999948045 0
-0.1492763272 1.00030258 0
-0.1489857091 0.99988679 0
-0.148404473 1.00001841 0
-0.1481138549 0.99970702 0
-0.1478232368 1.00033033 0
-0.1475326187 0.99990541 0
-0.1469513826 1.000027885 0
-0.1466607645 0.99967718 0
-0.1460795283 0.9998663 0
-0.1457889102 1.00001527 0
-0.1454982922 1.00027427 0
-0.1452076741 1.000042385 0
-0.1446264379 0.999899605 0
-0.1443358198 1.00024223 0
-0.1437545837 0.99973349 0
-0.1434639656 1.00006681 0
-0.1431733475 0.99992063 0
-0.1428827294 1.00006679 0
-0.1423014932 0.999940465 0
-0.1420108752 0.99976429 0
-0.1417202571 1.00002121 0
-0.141429639 0.99966413 0
-0.1411390209 1.00024138 0
-0.1408484028 1.00000058 0
-0.1405577848 0.999841995 0
-0.1399765486 1.00028385 0
-0.1396859305 0.99996204 0
-0.1393953124 0.99989743 0
-0.1391046943 1.00021198 0
-0.1385234582 1.00022024 0
-0.1382328401 1.00005254 0
-0.1376516039 0.999923185 0
-0.1373609858 0.9999515 0
-0.1370703678 0.99974326 0
-0.1367797497 1.000213515 0
-0.1361985135 0.99982835 0
-0.1353266593 1.000082515 0
-0.134454805 1.000050265 0
-0.1338735689 1.000193105 0
-0.1335829508 0.99951554 0
-0.1332923327 1.0000987 0
-0.1330017146 0.99990211 0
-0.1327110965 1.00004282 0
-0.1324204784 1.00003846 0
-0.1321298604 1.000186105 0
-0.1315486242 0.99991537 0
-0.1312580061 0.99996754 0
-0.130967388 0.99988163 0
-0.13067677 1.00022072 0
-0.1303861519 1.00009612 0
-0.1300955338 1.00011405 0
-0.1298049157 1.000138655 0
-0.1292236795 0.99997476 0
-0.1289330615 0.9997285 0
-0.1286424434 1.00013472 0
-0.1283518253 1.000077875 0
-0.1277705891 0.99992761 0
-0.127479971 1.00010454 0
-0.1268987349 1.00010076 0
-0.1263174987 0.99989293 0
-0.1260268806 1.00001542 0
-0.1254456445 0.99989571 0
-0.1251550264 1.00023188 0
-0.1245737902 0.99994093 0
-0.1242831721 1.00037619 0
-0.1239925541 1.00013413 0
-0.123701936 1.0001688 0
-0.1231206998 0.9999774 0
-0.1228300817 0.99998563 0
-0.1225394636 0.99972941 0
-0.1222488456 1.00002842 0
-0.1219582275 0.99978109 0
-0.1216676094 0.99999999 0
-0.1213769913 0.999910685 0
-0.1207957551 1.00002148 0
-0.1205051371 0.99999364 0
-0.120214519 0.99987274 0
-0.1199239009 1.00004508 0
-0.1196332828 0.99972444 0
-0.1193426647 0.99961048 0
-0.1190520467 0.99992316 0
-0.1184708105 0.999754505 0
-0.1181801924 1.00013366 0
-0.1178895743 0.99985517 0
-0.1175989562 0.99998396 0
-0.1170177201 0.99980764 0
-0.116727102 0.99995492 0
-0.1161458658 1.00005792 0
-0.1158552477 1.00009535 0
-0.1155646297 1.000048 0
-0.1152740116 0.99991749 0
-0.1146927754 1.00014741 0
-0.1144021573 0.99986443 0
-0.1138209212 0.99980722 0
-0.1135303031 1.0000131 0
-0.113239685 1.00014112 0
-0.1129490669 0.99987135 0
-0.1123678308 1.00019123 0
-0.1120772127 1.00001732 0
-0.1117865946 1.00027762 0
-0.1114959765 0.99994899 0
-0.1112053584 0.99984465 0
-0.1109147403 1.0002091 0
-0.1106241223 0.999975145 0
-0.1100428861 1.00007408 0
-0.109752268 1.00000463 0
-0.1094616499 1.00002138 0
-0.1091710318 1.00002984 0
-0.1088804138 1.0000421 0
-0.1085897957 0.99986526 0
-0.1082991776 1.00001309 0
-0.1077179414 0.99991892 0
-0.1074273234 1.00007372 0
-0.1068460872 1.00046051 0
-0.1065554691 0.999843 0
-0.106264851 1.00007033 0
-0.1059742329 0.999975165 0
-0.1053929968 0.999869465 0
-0.1051023787 0.99994836 0
-0.1048117606 0.99985337 0
-0.1045211425 1.0001112 0
-0.1039399064 0.99986981 0
-0.1036492883 1.00018705 0
-0.1030680521 0.99980465 0
-0.102777434 0.9999383 0
-0.102486816 1.0002629 0
-0.1021961979 1.00044355 0
-0.1016149617 1.000143965 0
-0.1013243436 1.00004461 0
-0.1007431075 1.0000735 0
-0.1004524894 1.00013397 0
-0.1001618713 1.00000864 0
-0.09987125321 0.99997063 0
-0.09929001705 0.99982691 0
-0.09899939896 0.99980367 0
-0.09870878088 0.99997706 0
-0.0984181628 0.99997186 0
-0.09812754472 1.00011063 0
-0.09754630855 0.99970845 0
-0.09696507239 1.000129675 0
-0.0966744543 0.99991348 0
-0.09638383622 1.0001502 0
-0.09609321814 0.99987339 0
-0.09580260006 1.00009654 0
-0.09551198197 0.99979459 0
-0.09522136389 0.99980779 0
-0.09464012773 1.00008988 0
-0.09434950964 1.0000111 0
-0.09405889156 1.00009748 0
-0.09376827348 0.999929105 0
-0.09318703731 0.99993619 0
-0.09289641923 0.999943595 0
-0.09231518307 1.00006178 0
-0.09202456498 0.99995131 0
-0.0917339469 1.00006935 0
-0.09144332882 1.000025635 0
-0.09086209265 0.999895945 0
-0.09057147457 1.00006305 0
-0.08999023841 1.00003108 0
-0.08969962032 0.99995182 0
-0.08940900224 1.00027217 0
-0.08911838416 1.000014255 0
-0.08853714799 1.00000169 0
-0.08824652991 0.99994584 0
-0.08795591183 0.99985932 0
-0.08766529375 0.99988563 0
-0.08737467566 1.00022379 0
-0.08708405758 0.99985588 0
-0.0867934395 0.99990245 0
-0.08621220333 1.000152 0
-0.08592158525 0.99991411 0
-0.08563096717 0.99997376 0
-0.08534034909 1.00016179 0
-0.085049731 0.99998256 0
-0.08475911292 0.99998747 0
-0.08446849484 0.999985175 0
-0.08388725867 1.000275245 0
-0.08359664059 1.00007147 0
-0.08330602251 1.00025216 0
-0.08301540443 0.999903845 0
-0.08214355018 1.00001243 0
-0.08156231402 0.999944205 0
-0.08127169593 1.00029743 0
-0.08098107785 1.00010653 0
-0.08069045977 0.99999374 0
-0.0801092236 1.00044635 0
-0.07981860552 0.999935645 0
-0.07923736936 1.00039609 0
-0.07894675127 1.00023002 0
-0.07865613319 1.00014017 0
-0.07836551511 1.000084545 0
-0.07778427894 0.99995079 0
-0.07749366086 1.0000102 0
-0.07720304278 0.99993391 0
-0.0769124247 1.00011525 0
-0.07662180661 1.00003073 0
-0.07633118853 1.00054137 0
-0.07604057045 1.00023101 0
-0.07545933428 0.99962348 0
-0.0751687162 0.99981208 0
-0.07487809812 1.00002293 0
-0.07458748004 0.99984046 0
-0.07429686195 0.99984442 0
-0.07400624387 0.99996858 0
-0.07371562579 0.99997092 0
-0.07313438962 0.999815055 0
-0.07284377154 0.999652 0
-0.07255315346 1.0001419 0
-0.07226253538 0.99987056 0
-0.07197191729 1.00006852 0
-0.07168129921 1.00011184 0
-0.07139068113 0.99994681 0
-0.07080944496 0.99995859 0
-0.07051882688 1.00003806 0
-0.06993759072 0.999820935 0
-0.06935635455 0.999552 0
-0.06906573647 1.000041355 0
-0.0684845003 1.00015562 0
-0.06819388222 0.99967423 0
-0.06790326414 1.00051179 0
-0.06761264606 1.00020078 0
-0.06703140989 1.00012691 0
-0.06674079181 0.99993151 0
-0.06615955565 1.00018614 0
-0.06586893756 1.00011485 0
-0.06557831948 0.99992401 0
-0.0652877014 1.000003875 0
-0.06470646523 0.999966055 0
-0.06441584715 0.99993545 0
-0.06412522907 0.99999457 0
-0.06383461099 0.99982264 0
-0.0635439929 1.00000276 0
-0.06325337482 1.00044746 0
-0.06296275674 1.00009298 0
-0.06238152057 1.00014696 0
-0.06180028441 0.99992554 0
-0.06150966633 1.00011171 0
-0.06121904824 1.00008401 0
-0.06092843016 0.99981565 0
-0.06063781208 1.00015904 0
-0.06005657591 0.999786765 0
-0.05976595783 0.99999265 0
-0.05947533975 0.99999635 0
-0.05918472167 0.999954615 0
-0.0586034855 0.99986761 0
-0.05831286742 1.000050025 0
-0.05773163125 0.99993411 0
-0.05744101317 0.99998379 0
-0.05715039509 1.00004345 0
-0.05685977701 0.99971177 0
-0.05627854084 0.999961455 0
-0.05598792276 1.0002184 0
-0.05540668659 1.00007377 0
-0.05511606851 1.00025431 0
-0.05482545043 1.00026156 0
-0.05453483235 0.999895145 0
-0.05395359618 1.000118705 0
-0.0536629781 1.00002196 0
-0.05337236002 0.99999751 0
-0.05308174193 1.00019957 0
-0.05279112385 0.99990618 0
-0.05250050577 0.99996511 0
-0.05220988769 0.999933385 0
-0.05162865152 1.00013837 0
-0.05133803344 1.00002756 0
-0.05104741536 0.9998851 0
-0.05075679727 0.9997366 0
-0.05046617919 0.99957762 0
-0.05017556111 1.00035836 0
-0.04988494303 0.99990626 0
-0.04930370686 1.00030568 0
-0.04901308878 1.00016616 0
-0.0487224707 0.99998769 0
-0.04843185262 1.000035855 0
-0.04785061645 0.99992184 0
-0.04755999837 1.00016454 0
-0.0469787622 1.000064175 0
-0.04668814412 0.99986895 0
-0.04639752604 0.99971639 0
-0.04610690796 0.99990352 0
-0.04552567179 0.99983471 0
-0.04523505371 1.000168045 0
-0.04465381754 0.99996021 0
-0.04436319946 1.00014981 0
-0.04407258138 1.00015892 0
-0.0437819633 1.00006255 0
-0.04320072713 1.00015394 0
-0.04291010905 0.99998447 0
-0.04232887288 0.99979503 0
-0.0420382548 1.00012479 0
-0.04174763672 1.00008717 0
-0.04145701864 0.999888605 0
-0.04087578247 0.999924735 0
-0.04058516439 0.99988704 0
-0.04029454631 0.99982027 0
-0.04000392822 0.99982147 0
-0.03971331014 0.99998579 0
-0.03942269206 1.00013515 0
-0.03913207398 0.999995485 0
-0.03855083781 1.000001845 0
-0.03826021973 1.00053059 0
-0.03796960165 1.00003355 0
-0.03767898356 0.99994401 0
-0.03738836548 1.00004778 0
-0.0370977474 1.00022368 0
-0.03680712932 1.00009983 0
-0.03622589315 1.00020321 0
-0.03593527507 0.99993155 0
-0.03564465699 0.99998475 0
-0.0353540389 1.00008085 0
-0.03477280274 1.00000162 0
-0.03448218466 1.00024762 0
-0.03390094849 1.00002006 0
-0.03361033041 1.00011359 0
-0.03302909424 1.000059265 0
-0.03244785808 0.999871925 0
-0.03215724 0.99996148 0
-0.03157600383 0.999708045 0
-0.03128538575 1.00018628 0
-0.03099476767 0.99996707 0
-0.03070414959 1.00010235 0
-0.03012291342 0.999918945 0
-0.02983229534 1.00002724 0
-0.02954167726 0.99981177 0
-0.02896044109 0.99999466 0
-0.02866982301 0.99992107 0
-0.02837920493 0.999832375 0
-0.02779796876 1.00004045 0
-0.02750735068 1.00028754 0
-0.0272167326 1.00012464 0
-0.02692611451 0.99957401 0
-0.02663549643 0.99992706 0
-0.02634487835 1.00009929 0
-0.02605426027 1.00002677 0
-0.0254730241 1.000105145 0
-0.02518240602 0.99982367 0
-0.02489178794 1.0001165 0
-0.02460116985 0.99997935 0
-0.02401993369 0.99985472 0
-0.02372931561 0.99998886 0
-0.02314807944 1.00025476 0
-0.02285746136 1.00011056 0
-0.02256684328 1.00003123 0
-0.02227622519 0.999749005 0
-0.02169498903 0.99981459 0
-0.02140437095 1.00023461 0
-0.02082313478 0.999841535 0
-0.0205325167 1.00009701 0
-0.02024189862 0.99969385 0
-0.01995128053 1.000114805 0
-0.01937004437 1.000154045 0
-0.01907942629 1.00006727 0
-0.0187888082 1.00002668 0
-0.01820757204 1.00032288 0
-0.01791695396 0.99984505 0
-0.01762633587 1.0000573 0
-0.01704509971 1.00011349 0
-0.01675448163 0.99963895 0
-0.01646386354 0.99980157 0
-0.01617324546 0.99998065 0
-0.01530139121 1.000099805 0
-0.01472015505 1.00001804 0
-0.01442953697 1.00023976 0
-0.01413891888 0.9998214 0
-0.0138483008 0.99992248 0
-0.01326706464 0.99998886 0
-0.01297644656 0.999890605 0
-0.01239521039 1.00021572 0
-0.01210459231 0.99988147 0
-0.01181397423 1.00014911 0
-0.01152335614 1.00012764 0
-0.01094211998 1.0000086 0
-0.0106515019 0.99981145 0
-0.01007026573 0.999974975 0
-0.009779647648 0.99984942 0
-0.009489029566 1.00034636 0
-0.009198411483 1.00018855 0
-0.008617175318 1.000142645 0
-0.008326557236 1.00018608 0
-0.008035939153 0.99985075 0
-0.007745321071 0.99972677 0
-0.007454702988 0.99999866 0
-0.007164084906 1.00053646 0
-0.006873466824 0.99993222 0
-0.006292230659 1.00022392 0
-0.006001612576 1.00017713 0
-0.005420376411 1.00015176 0
-0.005129758329 1.00039081 0
-0.004839140246 0.99976826 0
-0.004548522164 1.00004876 0
-0.003967285999 0.99990914 0
-0.003676667916 1.00007686 0
-0.003386049834 0.99984506 0
-0.003095431752 1.00000461 0
-0.002804813669 1.00027317 0
-0.002514195587 1.00014508 0
-0.002223577504 1.00028402 0
-0.001642341339 1.00012947 0
-0.001351723257 0.99985616 0
-0.001061105174 0.99963001 0
-0.0007704870919 0.999354675 0
-0.000189250927 0.99910137 0
0.0001013671555 0.99901851 0
0.0006826033204 0.999258665 0
0.0009732214029 0.99945177 0
0.001263839485 0.99995417 0
0.001554457568 1.000154665 0
0.002135693733 0.999997815 0
0.002426311815 0.99988423 0
0.00300754798 1.000197385 0
0.003298166063 0.99983816 0
0.003879402227 0.999829775 0
0.004460638392 1.00010972 0
0.004751256475 1.00026669 0
0.005041874557 1.00038089 0
0.00533249264 0.99995912 0
0.005623110722 0.99992037 0
0.005913728805 1.00030632 0
0.006204346887 0.999946425 0
0.006785583052 1.00010542 0
0.007076201134 0.99994627 0
0.007366819217 1.00000075 0
0.007657437299 1.0003965 0
0.007948055382 0.99997834 0
0.008238673464 0.99999852 0
0.008529291547 1.00010409 0
0.009110527712 0.999910995 0
0.009401145794 1.00009875 0
0.009691763877 0.99996028 0
0.009982381959 1.00014145 0
0.01056361812 1.00000164 0
0.01085423621 1.000016765 0
0.01143547237 0.999876965 0
0.01201670854 1.00013781 0
0.01230732662 0.99973897 0
0.01288856278 1.00001847 0
0.01317918087 1.00002988 0
0.01376041703 1.00017744 0
0.01405103511 1.00014003 0
0.0143416532 1.00002551 0
0.01463227128 0.99980726 0
0.01521350744 0.999952295 0
0.01550412553 1.0000189 0
0.01579474361 0.9999447 0
0.01608536169 0.99995458 0
0.01666659786 1.00014875 0
0.01695721594 0.99985106 0
0.0175384521 0.99993654 0
0.01782907019 0.999802 0
0.01811968827 0.99986823 0
0.01841030635 1.00009874 0
0.01870092443 0.99973662 0
0.01899154252 0.99964427 0
0.0192821606 0.999945015 0
0.01986339676 1.00011819 0
0.02015401485 0.99965347 0
0.02044463293 0.99979389 0
0.02073525101 0.99996498 0
0.02131648717 1.00026861 0
0.02160710526 1.000015325 0
0.02218834142 1.00006191 0
0.0224789595 1.00051305 0
0.02276957759 1.00002562 0
0.02306019567 0.99981889 0
0.02364143183 0.99998412 0
0.02393204992 1.00040095 0
0.02451328608 1.00014504 0
0.02480390416 0.99998182 0
0.02538514033 1.000023585 0
0.02596637649 0.99996502 0
0.02625699458 0.99966967 0
0.02654761266 1.00007609 0
0.02683823074 1.0001599 0
0.02712884882 1.00009683 0
0.02741946691 1.00016762 0
0.02771008499 1.00012342 0
0.02829132115 0.999832095 0
0.02858193924 0.99991183 0
0.02887255732 1.00006211 0
0.0291631754 0.99987105 0
0.02945379348 0.99986108 0
0.02974441157 0.99987531 0
0.03003502965 1.00008611 0
0.03061626581 1.00005337 0
0.0309068839 0.99967978 0
0.03148812006 1.00013235 0
0.03177873814 1.00005826 0
0.03206935623 1.00015458 0
0.03235997431 1.000090155 0
0.03294121047 0.99983598 0
0.03323182856 0.99992255 0
0.03352244664 0.99999854 0
0.03381306472 0.9999155 0
0.03439430089 1.00011608 0
0.03468491897 0.999946805 0
0.03526615513 0.999936395 0
0.03555677322 1.0001025 0
0.0358473913 1.00006849 0
0.03613800938 0.9999806 0
0.03671924555 1.000039945 0
0.03700986363 1.0002322 0
0.03759109979 1.00022813 0
0.03788171788 1.00006498 0
0.03817233596 1.00007696 0
0.03846295404 0.99996442 0
0.0390441902 1.000090145 0
0.03962542637 1.00038412 0
0.03991604445 1.00002697 0
0.04020666253 1.00006231 0
0.0407878987 0.999921755 0
0.04136913486 0.999999995 0
0.04195037103 0.9999261 0
0.04224098911 1.00018529 0
0.04253160719 1.00000135 0
0.04282222528 1.00014106 0
0.04311284336 0.999869305 0
0.04369407952 1.00011589 0
0.04398469761 0.99992284 0
0.04427531569 1.00001041 0
0.04456593377 1.00002821 0
0.04514716994 0.99993851 0
0.04543778802 1.00044639 0
0.04601902418 0.99991226 0
0.04630964227 1.00017981 0
0.04660026035 1.00009964 0
0.04689087843 1.00031653 0
0.0474721146 1.00007492 0
0.04776273268 0.99979027 0
0.04834396884 1.00005521 0
0.04892520501 0.99995282 0
0.04921582309 0.99970156 0
0.05008767734 0.99978633 0
0.05037829542 1.00008666 0
0.05095953159 1.00005475 0
0.05125014967 1.00026149 0
0.05154076775 1.00001577 0
0.05212200392 0.9999489 0
0.052412622 0.99993143 0
0.05270324008 1.00009266 0
0.05328447625 0.9994503 0
0.05386571241 1.00004115 0
0.05444694858 0.99986476 0
0.05473756666 0.99984973 0
0.05502818474 1.00037084 0
0.05531880282 0.999989135 0
0.05590003899 0.99987791 0
0.05619065707 1.000041475 0
0.05677189323 1.00000398 0
0.05706251132 0.99995753 0
0.0573531294 1.00009991 0
0.05764374748 1.00015563 0
0.05822498365 1.00017542 0
0.05851560173 0.99982676 0
0.05909683789 1.0002523 0
0.05938745598 0.99995762 0
0.05967807406 1.00006144 0
0.05996869214 1.000010325 0
0.06054992831 0.99999173 0
0.06084054639 1.00009683 0
0.06113116447 0.99992014 0
0.06142178255 0.99990602 0
0.06171240064 1.00011913 0
0.06200301872 1.00004383 0
0.0622936368 0.999941625 0
0.06287487297 0.99986627 0
0.06316549105 0.99999813 0
0.06345610913 0.99992219 0
0.06374672721 1.00007761 0
0.0640373453 1.00029711 0
0.06432796338 1.00016494 0
0.06461858146 0.999885485 0
0.06519981763 0.999889995 0
0.06549043571 0.99993695 0
0.06578105379 1.00046349 0
0.06607167187 0.99990802 0
0.06636228996 1.00001837 0
0.06694352612 1.000110775 0
0.06752476229 1.000151695 0
0.06781538037 1.00009248 0
0.06839661653 0.99991566 0
0.0689778527 1.00003552 0
0.06926847078 1.000060315 0
0.06984970695 0.999857295 0
0.07014032503 1.00000114 0
0.07043094311 0.99978217 0
0.07072156119 1.000053865 0
0.07130279736 0.999913095 0
0.07159341544 1.00016994 0
0.07217465161 0.99963788 0
0.07246526969 1.00008284 0
0.07275588777 0.99985202 0
0.07304650585 0.999834345 0
0.07362774202 1.000040275 0
0.0739183601 0.99975449 0
0.07420897818 0.99968246 0
0.07449959626 1.00000812 0
0.07479021435 1.0000182 0
0.07508083243 1.00005831 0
0.07537145051 1.00019512 0
0.07595268668 1.00005882 0
0.07653392284 0.99977505 0
0.07682454092 0.99990954 0
0.07711515901 1.00032847 0
0.07769639517 0.99996614 0
0.07827763134 1.00004474 0
0.07856824942 1.00010837 0
0.0788588675 1.00009151 0
0.07914948558 1.00007594 0
0.07973072175 1.00012157 0
0.08002133983 0.99987576 0
0.080602576 0.999946755 0
0.08089319408 0.99989261 0
0.08118381216 1.00010014 0
0.08147443024 1.00012285 0
0.08205566641 1.00008148 0
0.08234628449 1.00004021 0
0.08292752066 0.99989233 0
0.08321813874 1.00001536 0
0.08350875682 0.99998673 0
0.0837993749 1.00012661 0
0.08438061107 0.99999526 0
0.08467122915 1.00005478 0
0.08496184723 1.00016325 0
0.08525246532 1.00021449 0
0.08583370148 1.00002324 0
0.08612431956 1.000008105 0
0.08670555573 1.00030285 0
0.08699617381 0.99995297 0
0.08728679189 0.99987046 0
0.08757740998 0.99983724 0
0.08786802806 0.99989129 0
0.08815864614 0.99994404 0
0.08844926422 0.999978625 0
0.08903050039 0.999973865 0
0.08932111847 0.99993164 0
0.08961173655 1.00024175 0
0.08990235464 0.9999714 0
0.0904835908 1.0000589 0
0.09077420888 0.99988687 0
0.09135544505 1.00006931 0
0.09164606313 0.99991141 0
0.09193668121 1.00008799 0
0.09222729929 1.000036105 0
0.09280853546 1.000106765 0
0.09309915354 0.99978988 0
0.09368038971 1.000128855 0
0.09397100779 1.00006138 0
0.09426162587 1.00009408 0
0.09455224395 0.9999579 0
0.09513348012 0.99979941 0
0.0954240982 0.99998448 0
0.09600533437 0.99984288 0
0.09629595245 0.99983708 0
0.09658657053 0.99998042 0
0.09687718861 1.00016273 0
0.09745842478 0.999922065 0
0.09774904286 1.00010919 0
0.09803966094 0.99995659 0
0.09833027903 1.00013637 0
0.09862089711 1.0002672 0
0.09891151519 0.99992142 0
0.09920213327 1.000083985 0
0.09978336944 0.99992027 0
0.1000739875 1.00024243 0
0.1003646056 0.99977359 0
0.1006552237 0.9998959 0
0.1009458418 1.00007431 0
0.1012364599 0.9999487 0
0.1015270779 0.99983497 0
0.1021083141 1.00000799 0
0.1023989322 0.99981236 0
0.1026895503 1.00013912 0
0.1029801683 1.000002365 0
0.1035614045 1.00004588 0
0.1038520226 1.000005405 0
0.1044332588 0.999906 0
0.1047238768 0.99993365 0
0.105305113 1.00005513 0
0.1058863492 0.999979965 0
0.1061769673 0.99993047 0
0.1067582034 1.000153475 0
0.1070488215 1.00007415 0
0.1073394396 1.0000335 0
0.1076300577 0.99993118 0
0.1082112938 1.00006104 0
0.1085019119 0.99996359 0
0.10879253 1.00005539 0
0.1093737662 0.99999141 0
0.1096643842 0.99997913 0
0.1099550023 1.00009935 0
0.1105362385 1.00002891 0
0.1108268566 1.00027956 0
0.1111174747 0.99984908 0
0.1116987108 1.00016219 0
0.1119893289 0.99960721 0
0.112279947 1.000196935 0
0.1128611831 0.99997788 0
0.1134424193 1.00002648 0
0.1137330374 1.000342505 0
0.1146048916 0.999945085 0
0.1151861278 0.99995031 0
0.1154767459 0.99964601 0
0.115767364 1.00022008 0
0.1160579821 0.99999259 0
0.1166392182 0.999827115 0
0.1169298363 0.99997763 0
0.1175110725 0.99993378 0
0.1178016906 0.99997689 0
0.1180923086 0.99999271 0
0.1183829267 1.00005839 0
0.1189641629 1.00005523 0
0.119254781 0.99996357 0
0.119545399 0.99970477 0
0.1198360171 1.00042034 0
0.1201266352 1.00004003 0
0.1204172533 1.00003229 0
0.1207078714 1.000053725 0
0.1212891075 1.000149395 0
0.1215797256 0.99989815 0
0.1218703437 1.00001645 0
0.1221609618 0.99985022 0
0.122742198 1.0001769 0
0.123032816 0.999821335 0
0.1236140522 0.99968525 0
0.1239046703 1.00021727 0
0.1241952884 1.0002076 0
0.1244859064 0.999796345 0
0.1250671426 1.00013434 0
0.1253577607 1.000113295 0
0.1259389969 0.99998726 0
0.1262296149 0.99998532 0
0.126520233 1.00010836 0
0.1268108511 0.99999756 0
0.1273920873 1.000130885 0
0.1276827054 1.00009217 0
0.1282639415 0.99995626 0
0.1285545596 0.99995738 0
0.1288451777 0.99983804 0
0.1291357958 1.000198715 0
0.1297170319 0.999824145 0
0.13000765 0.9998084 0
0.1302982681 0.99975786 0
0.1305888862 0.9999713 0
0.1308795043 0.99992332 0
0.1311701223 0.99999868 0
0.1314607404 1.000210535 0
0.1320419766 0.999909555 0
0.1323325947 1.00022545 0
0.1329138308 1.00021468 0
0.1332044489 0.99989871 0
0.133495067 1.0000234 0
0.1337856851 1.000122785 0
0.1343669213 1.000203615 0
0.1346575393 1.00017907 0
0.1349481574 0.99990424 0
0.1352387755 0.99979752 0
0.1355293936 1.00009969 0
0.1358200117 1.0003085 0
0.1361106297 1.000087185 0
0.1366918659 0.9999784 0
0.136982484 0.99997281 0
0.1372731021 0.99981144 0
0.1375637202 1.00005315 0
0.1381449563 0.99983112 0
0.1384355744 0.999992715 0
0.1390168106 1.000113705 0
0.1393074287 0.99982953 0
0.1395980467 0.9999673 0
0.1398886648 1.000039165 0
0.140469901 1.00006697 0
0.1410511371 0.99996478 0
0.1413417552 1.00005097 0
0.1416323733 0.99974693 0
0.1422136095 0.999981125 0
0.1427948456 1.00003687 0
0.1430854637 0.99990034 0
0.1433760818 1.00013178 0
0.1436666999 0.99977398 0
0.143957318 0.9998717 0
0.1442479361 1.00005216 0
0.1445385541 0.999867005 0
0.1451197903 1.00001037 0
0.1454104084 1.0002679 0
0.1457010265 1.00002872 0
0.1462822626 1.00005022 0
0.1465728807 0.99999999 0
0.1468634988 1.000001585 0
0.147444735 0.99997588 0
0.147735353 0.99971761 0
0.1480259711 0.99993191 0
0.1483165892 1.000001375 0
0.1488978254 0.99997627 0
0.1491884435 1.000221925 0
0.1497696796 1.000143255 0
0.1503509158 0.99995105 0
0.1506415339 0.999996385 0
0.15122277 0.99978154 0
0.1515133881 0.99979971 0
0.1520946243 0.99996399 0
0.1523852424 1.00015145 0
0.1526758604 1.00022301 0
0.1529664785 1.000016425 0
0.1535477147 1.000048035 0
0.1538383328 0.99994172 0
0.1541289509 1.00005886 0
0.1544195689 1.00010256 0
0.154710187 1.00043585 0
0.1550008051 0.99995802 0
0.1552914232 0.99992262 0
0.1558726594 1.000236935 0
0.1561632774 0.99981818 0
0.1564538955 0.99979441 0
0.1567445136 1.00042896 0
0.1570351317 1.00020871 0
0.1573257498 0.9999192 0
0.1576163678 0.999988575 0
0.158197604 0.999994395 0
0.1584882221 1.00009486 0
0.1587788402 1.00003896 0
0.1590694583 1.00036103 0
0.1596506944 1.00024557 0
0.1599413125 0.999965885 0
0.1605225487 0.999964555 0
0.1608131668 1.00015354 0
0.1611037848 1.00015906 0
0.1613944029 0.999837885 0
0.1619756391 1.00007965 0
0.1622662572 1.00014453 0
0.1628474933 0.999989595 0
0.1631381114 1.00017986 0
0.1634287295 0.99983652 0
0.1637193476 0.99992621 0
0.1643005837 1.00006561 0
0.1645912018 1.0001004 0
0.1648818199 1.00017639 0
0.165172438 1.00013378 0
0.1654630561 0.99990397 0
0.1657536742 0.99997271 0
0.1660442922 1.000199685 0
0.1666255284 1.000229065 0
0.1669161465 1.00017943 0
0.1672067646 1.00017923 0
0.1674973827 1.00002075 0
0.1677880007 1.00000341 0
0.1680786188 0.99995266 0
0.1683692369 0.99979538 0
0.1689504731 0.99997278 0
0.1692410911 0.99971904 0
0.1698223273 0.99999504 0
0.1701129454 1.00002984 0
0.1704035635 0.99985653 0
0.1706941816 0.99986042 0
0.1712754177 0.99980455 0
0.1715660358 0.99997281 0
0.1718566539 1.00014369 0
0.172147272 1.000212315 0
0.1730191262 0.99975541 0
0.1736003624 0.99999342 0
0.1738909805 1.00000566 0
0.1741815985 1.00016032 0
0.1744722166 0.99993051 0
0.1750534528 0.99993296 0
0.1753440709 0.99978722 0
0.175634689 0.99999674 0
0.175925307 0.99998246 0
0.1762159251 0.99992786 0
0.1765065432 1.00005091 0
0.1767971613 1.00003053 0
0.1773783975 1.000015455 0
0.1779596336 1.00004541 0
0.1782502517 1.00024471 0
0.1785408698 1.00024756 0
0.1788314879 0.9999823 0
0.1791221059 1.00003855 0
0.1797033421 1.00018005 0
0.1799939602 0.99986518 0
0.1802845783 1.00023209 0
0.1805751964 0.99992716 0
0.1808658144 0.99990484 0
0.1811564325 1.00015461 0
0.1814470506 1.00009333 0
0.1820282868 1.00000311 0
0.1823189049 1.00024463 0
0.1826095229 1.00000427 0
0.182900141 1.00018214 0
0.1834813772 0.99985261 0
0.1837719953 0.999800525 0
0.1843532314 0.99998142 0
0.1846438495 1.00023591 0
0.1849344676 0.9998372 0
0.1852250857 1.000005125 0
0.1858063218 0.999933525 0
0.1860969399 0.99984424 0
0.1866781761 1.000206805 0
0.1872594123 0.99962291 0
0.1875500303 0.999889745 0
0.1881312665 1.0001345 0
0.1884218846 0.99999786 0
0.1887125027 0.99999291 0
0.1890031208 1.00005642 0
0.1892937388 1.00004095 0
0.1895843569 1.00041515 0
0.189874975 0.999896955 0
0.1904562112 1.000159375 0
0.1907468292 1.00004768 0
0.1910374473 1.00012771 0
0.1913280654 1.00019732 0
0.1916186835 1.00000801 0
0.1919093016 0.99964984 0
0.1921999197 1.00034796 0
0.1927811558 1.00005166 0
0.1930717739 1.00002699 0
0.193362392 1.00015934 0
0.1936530101 1.00004607 0
0.1942342462 0.99998944 0
0.1945248643 1.00021576 0
0.1951061005 0.99994206 0
0.1953967186 1.00000794 0
0.1956873367 1.00037629 0
0.1959779547 0.99975087 0
0.1965591909 0.99993579 0
0.196849809 0.99971572 0
0.1974310451 0.99973241 0
0.1977216632 1.00002181 0
0.1980122813 1.000472 0
0.1983028994 0.999925885 0
0.1988841356 0.9996787 0
0.1991747536 1.00015078 0
0.1994653717 1.00014568 0
0.1997559898 1.00000411 0
0.2000466079 0.99985139 0
0.200337226 1.00025324 0
0.2006278441 1.00003009 0
0.2012090802 0.999985725 0
0.2014996983 1.0000002 0
0.2017903164 0.99967579 0
0.2020809345 0.99993561 0
0.2023715525 0.99992974 0
0.2026621706 1.00000809 0
0.2029527887 1.00000739 0
0.2035340249 1.00011298 0
0.203824643 1.00003224 0
0.204115261 0.9996753 0
0.2044058791 0.99993104 0
0.2046964972 0.99980348 0
0.2049871153 1.00004531 0
0.2052777334 1.00009499 0
0.2058589695 0.99999354 0
0.2061495876 1.00001101 0
0.2067308238 1.0001169 0
0.2073120599 1.00009975 0
0.207602678 1.00004615 0
0.2081839142 0.99998243 0
0.2084745323 1.00005312 0
0.2087651504 1.00019432 0
0.2090557684 0.999945375 0
0.2096370046 0.9999733 0
0.2099276227 1.00006809 0
0.2102182408 0.99999992 0
0.2107994769 0.99974921 0
0.211090095 0.99996912 0
0.2113807131 1.000160885 0
0.2119619493 1.000004915 0
0.2122525674 0.99972771 0
0.2125431854 0.99998433 0
0.2128338035 1.00010042 0
0.2131244216 1.00010283 0
0.2134150397 1.00030531 0
0.2137056578 0.99996043 0
0.2142868939 0.99993758 0
0.214577512 1.00011768 0
0.2148681301 1.0005119 0
0.2151587482 1.00008602 0
0.2154493663 0.99998717 0
0.2160306024 1.00029351 0
0.2166118386 1.000396935 0
0.2169024567 0.99991774 0
0.2171930748 1.00040928 0
0.2174836928 0.99977741 0
0.218064929 1.00030683 0
0.2183555471 0.999926865 0
0.2189367832 0.99992241 0
0.2192274013 0.99978046 0
0.2195180194 1.0002913 0
0.2198086375 0.99992915 0
0.2203898737 0.99998815 0
0.2206804917 1.00013541 0
0.2212617279 1.000196925 0
0.221552346 1.00026815 0
0.2218429641 1.00000851 0
0.2221335822 1.000029845 0
0.2227148183 0.999812655 0
0.2230054364 1.00042435 0
0.2232960545 0.99998777 0
0.2235866726 1.00034508 0
0.2241679087 1.00032745 0
0.2244585268 1.000055105 0
0.225039763 1.00014499 0
0.2253303811 0.99999052 0
0.2262022353 0.99994434 0
0.2267834715 0.999842215 0
0.2273647076 0.99994496 0
0.2276553257 0.99979891 0
0.2282365619 0.999853565 0
0.2296896523 1.00006805 0
0.2299802704 0.99992272 0
0.2305615065 0.999929445 0
0.2311427427 0.99995682 0
0.2314333608 1.00009643 0
0.232014597 1.00009942 0
0.232305215 0.99978946 0
0.2328864512 0.99988147 0
0.2334676874 1.00000424 0
0.2343395416 0.99991706 0
0.2346301597 0.99996828 0
0.2352113959 0.99997313 0
0.235792632 1.00012137 0
0.2360832501 1.00021624 0
0.2366644863 1.00018024 0
0.2369551044 1.00011542 0
0.2375363405 1.000091205 0
0.2384081948 1.00005014 0
0.2389894309 1.00004542 0
0.239280049 0.9999863 0
0.2398612852 1.000207515 0
0.2404425213 1.00003976 0
0.2407331394 1.00026899 0
0.2413143756 1.00007493 0
0.2421862298 0.99978298 0
0.242767466 0.999836 0
0.2430580841 0.99979919 0
0.2436393203 0.999846275 0
0.2442205564 0.99968425 0
0.2445111745 0.99992892 0
0.2450924107 0.99986361 0
0.2453830288 1.00011055 0
0.2459642649 0.99988963 0
0.2465455011 0.9999703 0
0.2468361192 0.99992991 0
0.2477079734 0.99999864 0
0.2482892096 0.999903375 0
0.2488704457 1.00018861 0
0.2491610638 1.00027149 0
0.2497423 1.00015692 0
0.2500329181 1.00004568 0
0.2506141542 0.999920815 0
0.2511953904 1.00025402 0
0.2520672446 0.999881545 0
0.2529390989 0.99996224 0
0.2535203351 1.000188255 0
0.2538109531 1.00016485 0
0.2541015712 0.99996429 0
0.2543921893 1.00011059 0
0.2549734255 0.99990527 0
0.2552640436 0.99971283 0
0.2558452797 0.99993774 0
0.2561358978 1.00034773 0
0.2564265159 0.99978827 0
0.256717134 0.99993097 0
0.2572983701 1.000078195 0
0.2575889882 0.99977873 0
0.2578796063 0.99975255 0
0.2581702244 0.99978503 0
0.2587514605 0.99975226 0
0.2590420786 1.000103135 0
0.2596233148 1.00012127 0
0.2599139329 1.00017519 0
0.260204551 1.00005961 0
0.260495169 0.99983733 0
0.2610764052 1.00026828 0
0.2613670233 1.000133835 0
0.2619482595 1.00028147 0
0.2622388775 1.00004531 0
0.2625294956 1.00006489 0
0.2628201137 0.999947895 0
0.2634013499 0.9998504 0
0.2636919679 1.000019735 0
0.2642732041 1.00018369 0
0.2645638222 0.99992676 0
0.2648544403 1.00019533 0
0.2651450584 0.99979003 0
0.2657262945 1.00003722 0
0.2660169126 0.99991511 0
0.2665981488 0.9998744 0
0.2668887669 1.0001392 0
0.2671793849 1.00017224 0
0.267470003 1.00007878 0
0.2680512392 1.000069515 0
0.2683418573 1.0000477 0
0.2686324753 1.00011457 0
0.2689230934 1.00016124 0
0.2692137115 0.99985728 0
0.2695043296 0.99974635 0
0.2697949477 0.999899655 0
0.2703761838 0.99993757 0
0.2706668019 1.00003579 0
0.2712480381 0.99989127 0
0.2715386562 0.99985685 0
0.2718292743 0.99997688 0
0.2721198923 0.99974068 0
0.2727011285 1.00020533 0
0.2729917466 0.99978939 0
0.2732823647 0.99999046 0
0.2735729827 0.99992321 0
0.2738636008 1.00013086 0
0.2741542189 1.00001632 0
0.274444837 0.9999657 0
0.2750260732 1.00002686 0
0.2753166912 0.9999074 0
0.2756073093 0.99990334 0
0.2758979274 1.00036974 0
0.2764791636 1.00006304 0
0.2767697817 1.0001581 0
0.2773510178 0.99999579 0
0.2776416359 1.00016729 0
0.277932254 0.99992658 0
0.2782228721 1.00033349 0
0.2788041082 1.00014308 0
0.2793853444 1.00006855 0
0.2796759625 1.00031955 0
0.2799665806 0.99990051 0
0.2805478167 0.99996677 0
0.2811290529 0.9998398 0
0.281419671 0.99983508 0
0.2817102891 1.00003654 0
0.2820009071 1.00022322 0
0.2822915252 1.00011755 0
0.2825821433 0.99996902 0
0.2828727614 1.00001864 0
0.2834539976 1.00004389 0
0.2837446156 0.99990748 0
0.2840352337 1.00003632 0
0.2843258518 1.00004436 0
0.2846164699 0.99989742 0
0.284907088 0.99994995 0
0.285197706 1.000045625 0
0.2857789422 0.999807665 0
0.2860695603 0.9997975 0
0.2863601784 1.00024869 0
0.2866507965 0.9999439 0
0.2872320326 0.99986493 0
0.2875226507 0.99969535 0
0.2881038869 0.999761455 0
0.2889757411 1.000040145 0
0.2895569773 1.00018308 0
0.2898475954 1.00004784 0
0.2904288315 0.99993944 0
0.2907194496 0.99988095 0
0.2910100677 1.00021251 0
0.2913006858 1.00000411 0
0.2918819219 0.99998208 0
0.29217254 1.00004902 0
0.2924631581 0.99977613 0
0.2927537762 1.00026125 0
0.2930443943 0.99993612 0
0.2933350124 1.0000897 0
0.2936256304 1.00011308 0
0.2942068666 1.00010366 0
0.2944974847 0.99997306 0
0.2947881028 1.00004708 0
0.2950787209 1.00000291 0
0.2953693389 1.00022089 0
0.295659957 0.99984678 0
0.2959505751 1.000087135 0
0.2965318113 1.000054435 0
0.2968224293 1.00003547 0
0.2971130474 1.00055664 0
0.2974036655 0.99992456 0
0.2979849017 1.00010114 0
0.2982755198 1.0000974 0
0.2988567559 1.00001016 0
0.299147374 1.0001845 0
0.2997286102 0.999955985 0
0.3003098463 1.00011097 0
0.3006004644 0.99996706 0
0.3011817006 1.00007806 0
0.3014723187 0.99989232 0
0.3020535548 0.99995144 0
0.3029254091 1.00017614 0
0.3035066452 0.99999838 0
0.3037972633 1.00016029 0
0.3043784995 0.999890415 0
0.3049597357 1.00027653 0
0.3052503537 0.99976352 0
0.3058315899 1.00052807 0
0.306122208 1.00026992 0
0.3067034441 1.0001108 0
0.3072846803 1.00026822 0
0.3081565346 0.99979729 0
0.3084471526 0.99962425 0
0.3087377707 0.99974811 0
0.3090283888 1.00017014 0
0.309609625 0.99971937 0
0.3099002431 0.99994139 0
0.3101908611 1.00006101 0
0.3104814792 1.00010309 0
0.3110627154 0.999926495 0
0.3113533335 1.00019686 0
0.3119345696 1.00041438 0
0.3122251877 0.99996952 0
0.3125158058 1.0000289 0
0.3128064239 1.000175225 0
0.31338766 1.00002334 0
0.3136782781 1.00009331 0
0.3139688962 0.99985022 0
0.3142595143 0.9998733 0
0.3145501324 1.00005593 0
0.3148407505 0.99999564 0
0.3151313685 1.000114245 0
0.3157126047 0.999925145 0
0.3160032228 0.99997416 0
0.3162938409 1.0003546 0
0.316584459 1.00004427 0
0.316875077 1.00017418 0
0.3171656951 0.99997437 0
0.3174563132 1.00013873 0
0.3180375494 0.999921905 0
0.3183281674 1.00000316 0
0.3186187855 0.99992164 0
0.3189094036 1.00000282 0
0.3192000217 1.00003716 0
0.3194906398 0.99993381 0
0.3197812579 1.000148855 0
0.320362494 0.9998179 0
0.3206531121 0.99995326 0
0.3209437302 0.99996626 0
0.3212343483 0.99993983 0
0.3218155844 0.99979772 0
0.3221062025 0.9998205 0
0.3226874387 1.000033755 0
0.3229780568 0.99976267 0
0.3232686748 1.00021064 0
0.3235592929 0.99982218 0
0.3241405291 1.000143005 0
0.3244311472 0.99971921 0
0.3250123833 0.9999135 0
0.3255936195 0.99995096 0
0.3258842376 1.000141365 0
0.3264654738 1.00014674 0
0.3267560918 0.99987843 0
0.3270467099 0.9999124 0
0.327337328 1.00007068 0
0.3276279461 1.00032302 0
0.3279185642 1.00000145 0
0.3282091823 0.99996109 0
0.3287904184 1.000092885 0
0.3290810365 0.99981807 0
0.3293716546 1.00023867 0
0.3296622727 1.00006222 0
0.3299528907 1.00005315 0
0.3302435088 1.00006787 0
0.3305341269 0.99998974 0
0.3311153631 1.000036075 0
0.3314059812 1.00016245 0
0.3316965992 1.0001405 0
0.3319872173 1.000075445 0
0.3325684535 0.99976858 0
0.3328590716 0.99986781 0
0.3334403077 1.0000562 0
0.3337309258 1.00015363 0
0.3340215439 0.99982972 0
0.334312162 1.000513655 0
0.3348933981 1.00001172 0
0.3351840162 1.00029794 0
0.3357652524 0.99990165 0
0.3360558705 0.99977842 0
0.3363464886 0.9998059 0
0.3366371066 1.00010629 0
0.3372183428 0.999977105 0
0.3375089609 0.99996981 0
0.337799579 0.99997663 0
0.3380901971 0.99973871 0
0.3383808151 0.9998753 0
0.3386714332 0.99988485 0
0.3389620513 1.00005224 0
0.3395432875 1.00010411 0
0.3398339055 0.99997081 0
0.3401245236 1.00008175 0
0.3404151417 0.99976633 0
0.3407057598 1.00000785 0
0.3409963779 0.99999154 0
0.341286996 0.999944635 0
0.3418682321 0.99971976 0
0.3421588502 0.99966901 0
0.3424494683 1.00001286 0
0.3427400864 0.99972061 0
0.3430307045 0.99960287 0
0.3433213225 1.00015222 0
0.3436119406 0.99986052 0
0.3441931768 1.000242085 0
0.3444837949 0.99987658 0
0.345065031 1.000051675 0
0.3456462672 1.000072755 0
0.3459368853 0.99999593 0
0.3465181214 1.00010026 0
0.3468087395 0.99991322 0
0.3470993576 0.99990119 0
0.3473899757 1.000182305 0
0.3479712119 0.999991725 0
0.3482618299 1.00029411 0
0.348552448 1.00000217 0
0.3491336842 1.00011928 0
0.3494243023 1.00026045 0
0.3497149204 0.999976795 0
0.3502961565 0.999976225 0
0.3505867746 0.99996816 0
0.3508773927 0.99989837 0
0.3511680108 1.0000029 0
0.3514586288 1.00014076 0
0.3517492469 1.00019785 0
0.352039865 1.000073485 0
0.3526211012 0.99990655 0
0.3532023373 1.00009889 0
0.3534929554 1.00010146 0
0.3537835735 1.00015798 0
0.3543648097 0.999959235 0
0.3549460458 0.99988363 0
0.3552366639 1.00007756 0
0.355527282 0.9999179 0
0.3558179001 0.9999097 0
0.3563991362 1.00011747 0
0.3566897543 1.000018925 0
0.3572709905 0.999899905 0
0.3575616086 0.99993326 0
0.3578522267 1.00042516 0
0.3581428447 0.99994213 0
0.3587240809 0.999905285 0
0.359014699 0.999949 0
0.3595959352 1.00001734 0
0.3598865532 1.00025198 0
0.3601771713 1.00017419 0
0.3604677894 0.999880115 0
0.3610490256 0.999959865 0
0.3613396437 0.99989327 0
0.3616302617 0.99988801 0
0.3619208798 0.9997973 0
0.3622114979 0.99978915 0
0.362502116 1.00016782 0
0.3627927341 1.00001329 0
0.3633739702 0.999995105 0
0.3636645883 1.000245 0
0.3639552064 0.99993184 0
0.3642458245 0.99981528 0
0.3645364426 0.99999472 0
0.3648270606 1.00024308 0
0.3651176787 1.00004854 0
0.3656989149 0.99997116 0
0.365989533 1.00000922 0
0.3662801511 1.00019535 0
0.3665707691 1.00008463 0
0.3671520053 1.00000927 0
0.3674426234 1.00025903 0
0.3680238595 0.9999703 0
0.3683144776 1.00004467 0
0.3686050957 0.99995139 0
0.3688957138 0.99998488 0
0.36947695 1.000018265 0
0.369767568 1.0000908 0
0.3703488042 1.000105375 0
0.3706394223 0.99984934 0
0.3709300404 0.99990148 0
0.3712206585 0.99988943 0
0.3718018946 1.000167985 0
0.3720925127 0.99987745 0
0.3726737489 1.00020371 0
0.3729643669 1.00004867 0
0.373254985 1.0000955 0
0.3735456031 0.999990575 0
0.3741268393 0.999989715 0
0.3744174574 0.99998054 0
0.3747080754 1.0003322 0
0.3749986935 1.0004033 0
0.3752893116 0.9997418 0
0.3755799297 1.00009003 0
0.3758705478 0.9999418 0
0.3764517839 1.00008566 0
0.376742402 0.99975141 0
0.3770330201 1.00012058 0
0.3773236382 0.99980096 0
0.3776142563 1.00002684 0
0.3779048744 1.00006538 0
0.3781954924 0.999956105 0
0.3787767286 0.999920365 0
0.3790673467 1.00021464 0
0.3793579648 0.99990659 0
0.3796485828 0.99988791 0
0.380229819 0.9999145 0
0.3811016733 1.00003636 0
0.3813922913 1.00003165 0
0.3819735275 0.999969485 0
0.3825547637 1.00005494 0
0.3828453818 1.00023729 0
0.3834266179 1.00007696 0
0.383717236 0.99996632 0
0.3842984722 1.00009778 0
0.3848797083 1.00019327 0
0.3851703264 1.00020898 0
0.3860421807 1.00004604 0
0.3866234168 1.00013344 0
0.3874952711 1.00028141 0
0.3880765072 1.00025154 0
0.3883671253 0.99989063 0
0.3889483615 0.99988977 0
0.3892389796 0.99993128 0
0.3895295976 0.99951222 0
0.3898202157 0.999947355 0
0.3904014519 1.000037715 0
0.39069207 0.99961458 0
0.3912733061 1.00002897 0
0.3915639242 0.99938795 0
0.3918545423 1.00008208 0
0.3921451604 0.999854365 0
0.3927263966 1.000312885 0
0.3930170146 0.99964561 0
0.3933076327 0.99992752 0
0.3935982508 1.00009941 0
0.394179487 0.9999559 0
0.3944701051 1.00016219 0
0.3950513412 0.999951995 0
0.3956325774 1.00016906 0
0.3959231955 1.00028134 0
0.3965044316 1.00027877 0
0.3967950497 1.00026412 0
0.3973762859 1.000051245 0
0.397957522 1.00007277 0
0.3982481401 1.00052928 0
0.3988293763 0.99988489 0
0.3991199944 1.00004151 0
0.3997012305 0.99996284 0
0.3999918486 1.00010651 0
0.4002824667 0.99989888 0
0.4005730848 0.999755715 0
0.4011543209 1.000020655 0
0.401444939 0.99967337 0
0.4020261752 1.00000534 0
0.4026074114 0.99991939 0
0.4028980294 0.99996519 0
0.4034792656 0.99972872 0
0.4037698837 0.99973373 0
0.4043511199 0.99999641 0
0.4046417379 0.99972952 0
0.404932356 1.00017243 0
0.4052229741 1.0002088 0
0.4058042103 0.99996482 0
0.4060948283 1.00043283 0
0.4063854464 0.9999585 0
0.4066760645 1.00000995 0
0.4069666826 1.00010098 0
0.4072573007 0.99981564 0
0.4075479188 0.99979737 0
0.4081291549 1.0001528 0
0.408419773 1.00038935 0
0.4087103911 1.0000384 0
0.4090010092 1.00014829 0
0.4095822453 1.00031948 0
0.4098728634 1.000236235 0
0.4104540996 1.00001838 0
0.4107447177 1.00021307 0
0.4110353358 1.00015893 0
0.4113259538 0.99998452 0
0.41190719 1.00012298 0
0.4121978081 0.99995494 0
0.4127790442 0.999745935 0
0.4130696623 0.99971674 0
0.4136508985 0.99970652 0
0.4142321347 0.999794495 0
0.4145227527 0.99972399 0
0.4148133708 1.00010639 0
0.4151039889 1.00026478 0
0.415394607 1.00011715 0
0.4156852251 0.99998124 0
0.4159758432 0.999796485 0
0.4165570793 0.999787995 0
0.4168476974 0.99950782 0
0.4171383155 0.99980708 0
0.4174289336 1.00011685 0
0.4177195516 0.99953541 0
0.4180101697 1.00012238 0
0.4183007878 0.999832455 0
0.418882024 1.000022955 0
0.4191726421 1.00031139 0
0.4194632601 1.00001533 0
0.4197538782 1.00037566 0
0.4203351144 0.99987245 0
0.4206257325 1.00028457 0
0.4212069686 1.000192745 0
0.4217882048 1.00016538 0
0.4220788229 1.00015535 0
0.4226600591 1.0001911 0
0.4229506771 1.000021335 0
0.4235319133 1.00006713 0
0.4238225314 1.00017148 0
0.4241131495 0.99990183 0
0.4244037675 1.000136065 0
0.4249850037 1.000029335 0
0.4252756218 1.00002895 0
0.425856858 0.99978873 0
0.426147476 0.99998299 0
0.4264380941 0.99986206 0
0.4267287122 0.99996855 0
0.4273099484 0.999810945 0
0.4276005665 0.99988482 0
0.4278911845 1.00006456 0
0.4281818026 1.00019322 0
0.4284724207 0.99994663 0
0.4287630388 1.00032612 0
0.4290536569 0.999928395 0
0.429634893 0.99995807 0
0.4299255111 0.99979825 0
0.4302161292 0.99991741 0
0.4305067473 0.99987316 0
0.4310879834 0.99980436 0
0.4313786015 1.000089295 0
0.4319598377 0.99968713 0
0.4322504558 1.00002309 0
0.4325410739 1.00014958 0
0.4328316919 0.999917465 0
0.4334129281 1.00044409 0
0.4337035462 0.999943595 0
0.4342847823 1.000029415 0
0.4345754004 0.99998759 0
0.4348660185 1.00004725 0
0.4351566366 1.000064825 0
0.4357378728 1.000070825 0
0.4360284908 1.00024943 0
0.436609727 0.999916955 0
0.4369003451 1.00009342 0
0.4371909632 1.00002548 0
0.4374815813 1.00028768 0
0.4380628174 1.00003035 0
0.4383534355 0.99975765 0
0.4386440536 0.99992477 0
0.4389346717 1.00007756 0
0.4392252898 0.99999419 0
0.4395159078 0.99965993 0
0.4398065259 0.999945265 0
0.4403877621 0.999770195 0
0.4406783802 1.0000596 0
0.4412596163 0.99964549 0
0.4415502344 1.00008651 0
0.4418408525 0.99999391 0
0.4421314706 1.000005385 0
0.4427127067 0.99986551 0
0.4430033248 0.99996066 0
0.4432939429 1.00029173 0
0.443584561 1.000170995 0
0.4441657972 1.0000671 0
0.4444564152 0.99990896 0
0.4450376514 1.00002142 0
0.4453282695 0.99999709 0
0.4456188876 0.99997212 0
0.4459095056 1.00003553 0
0.4464907418 1.0000635 0
0.4467813599 0.999868455 0
0.4473625961 0.999954715 0
0.4476532141 1.00014758 0
0.4479438322 0.99999948 0
0.4482344503 1.0000042 0
0.4488156865 1.000026545 0
0.4493969226 0.99985324 0
0.4496875407 0.99987661 0
0.4499781588 0.99995929 0
0.450559395 1.00012663 0
0.4511406311 1.00009913 0
0.4514312492 0.99982822 0
0.4517218673 1.00001642 0
0.4520124854 1.00003321 0
0.4523031035 0.99990338 0
0.4525937215 1.00011684 0
0.4528843396 0.99992176 0
0.4534655758 0.99987695 0
0.4537561939 0.99983427 0
0.454046812 1.00000323 0
0.45433743 1.00017524 0
0.4549186662 0.99994701 0
0.4552092843 0.999904475 0
0.4557905205 0.999882375 0
0.4560811385 1.00018689 0
0.4563717566 0.99996598 0
0.4566623747 0.999845195 0
0.4572436109 0.99999756 0
0.4575342289 0.999926165 0
0.4581154651 0.999943845 0
0.4586967013 1.00011084 0
0.4589873194 0.99986921 0
0.4595685555 1.00024242 0
0.4598591736 0.99996885 0
0.4604404098 1.000294325 0
0.4607310279 1.00016551 0
0.4610216459 1.00016673 0
0.461312264 1.000205805 0
0.4618935002 1.00013085 0
0.4621841183 0.99988874 0
0.4624747363 0.99964766 0
0.4627653544 0.99977811 0
0.4630559725 0.99995834 0
0.4633465906 1.00001531 0
0.4636372087 1.00015589 0
0.4642184448 0.999913655 0
0.4645090629 1.0001988 0
0.464799681 0.99979384 0
0.4650902991 1.00017969 0
0.4653809172 0.99972974 0
0.4656715353 1.00007163 0
0.4659621533 0.999849315 0
0.4665433895 0.999849655 0
0.4668340076 0.99987691 0
0.4671246257 1.00035224 0
0.4674152437 0.999942375 0
0.4679964799 1.00035281 0
0.468287098 1.00005305 0
0.4688683342 1.00026834 0
0.4691589522 0.99988498 0
0.4694495703 1.0000168 0
0.4697401884 1.000063505 0
0.4703214246 1.000002415 0
0.4706120427 0.99963483 0
0.4711932788 0.999918995 0
0.4714838969 0.99996202 0
0.471774515 0.99979031 0
0.4720651331 0.99991548 0
0.4726463692 1.00007523 0
0.4729369873 1.00008829 0
0.4732276054 0.99999296 0
0.4735182235 0.9999599 0
0.4740994596 0.99997332 0
0.4743900777 1.00023019 0
0.4749713139 0.99987007 0
0.475261932 1.00012247 0
0.4755525501 1.00044063 0
0.4758431681 1.00000773 0
0.4761337862 1.0004242 0
0.4764244043 0.99991342 0
0.4767150224 0.99999369 0
0.4772962586 1.00000187 0
0.4775868766 1.00012573 0
0.4781681128 1.00002984 0
0.478749349 1.00009936 0
0.479039967 1.000028005 0
0.4796212032 0.999950735 0
0.4799118213 0.99983741 0
0.4802024394 1.0000197 0
0.4804930575 1.00010582 0
0.4810742936 1.00007474 0
0.4813649117 0.99983805 0
0.4819461479 1.00004921 0
0.482236766 0.99977784 0
0.482527384 1.00016916 0
0.4828180021 1.000041175 0
0.4833992383 1.00005497 0
0.4836898564 1.00000087 0
0.4839804744 0.99993066 0
0.4842710925 1.00002192 0
0.4845617106 1.00028366 0
0.4848523287 0.99968773 0
0.4851429468 0.999932185 0
0.4857241829 1.00005628 0
0.4863054191 0.99982408 0
0.4865960372 0.99999528 0
0.4868866553 0.99960944 0
0.4874678914 1.00019304 0
0.4880491276 1.00031728 0
0.4883397457 0.99998645 0
0.4889209819 0.9999426 0
0.489502218 1.00006224 0
0.4897928361 1.00032334 0
0.4903740723 0.99999145 0
0.4906646903 1.00013143 0
0.4909553084 1.00000255 0
0.4912459265 1.00007242 0
0.4918271627 1.00015206 0
0.4921177808 0.99990701 0
0.4926990169 1.00007506 0
0.492989635 1.00004814 0
0.4932802531 0.99994334 0
0.4935708712 0.999873575 0
0.4941521073 0.999774385 0
0.4944427254 0.999958 0
0.4950239616 0.99984573 0
0.4956051977 0.99997579 0
0.4958958158 0.999838565 0
0.496477052 0.99987335 0
0.4967676701 1.0000396 0
0.4970582882 1.00000414 0
0.4973489062 1.00025554 0
0.4976395243 1.00001716 0
0.4979301424 1.00013275 0
0.4982207605 1.000000665 0
0.4988019967 1.000252175 0
0.4990926147 0.99989579 0
0.4993832328 0.99981508 0
0.4996738509 0.99997983 0
0.499964469 0.99986555 0
0.5002550871 1.00022695 0
0.5005457051 0.99998885 0
0.5011269413 0.99989995 0
0.5014175594 0.99997301 0
0.5017081775 0.9998931 0
0.5019987956 1.00006495 0
0.5025800317 0.99997715 0
0.5028706498 1.000006505 0
0.503451886 1.00037276 0
0.5037425041 0.99964254 0
0.5040331221 1.00022856 0
0.5043237402 0.999794195 0
0.5049049764 0.99990149 0
0.5051955945 1.00011363 0
0.5057768306 0.99994751 0
0.5060674487 1.00005363 0
0.5063580668 1.00005843 0
0.5066486849 1.000239615 0
0.507229921 0.999839085 0
0.5075205391 1.00011757 0
0.5078111572 1.00006631 0
0.5086830115 0.99994366 0
0.5089736295 1.0000053 0
0.5095548657 1.0002611 0
0.5098454838 1.00020871 0
0.5101361019 1.00015163 0
0.51042672 1.00017597 0
0.510717338 0.99992319 0
0.5110079561 1.00011068 0
0.5112985742 1.00002141 0
0.5118798104 0.99991954 0
0.5121704284 1.00017437 0
0.5124610465 0.9999042 0
0.5127516646 0.999796565 0
0.5133329008 0.99983998 0
0.5136235189 1.0001059 0
0.514204755 0.999925045 0
0.5144953731 1.00004838 0
0.5150766093 0.999860495 0
0.5156578454 0.999888645 0
0.5159484635 0.9999672 0
0.5165296997 0.99985305 0
0.5168203178 1.00009952 0
0.5171109358 0.99977756 0
0.5174015539 0.99993971 0
0.5179827901 1.00010879 0
0.5182734082 0.99985532 0
0.5185640263 0.99996723 0
0.5191452624 0.99991546 0
0.5194358805 0.99984739 0
0.5197264986 1.000019935 0
0.5203077348 1.00033304 0
0.5205983528 0.99994262 0
0.5208889709 1.00005643 0
0.521179589 1.00014046 0
0.5214702071 1.00005267 0
0.5217608252 0.9998984 0
0.5220514433 0.999987195 0
0.5226326794 1.000128645 0
0.5229232975 0.99987949 0
0.5232139156 1.00000378 0
0.5235045337 1.00016364 0
0.5243763879 0.999841085 0
0.5249576241 1.00015277 0
0.5252482422 1.00026388 0
0.5255388602 0.99994487 0
0.5258294783 1.00012255 0
0.5264107145 1.00006964 0
0.5267013326 1.00010215 0
0.5272825687 1.00013448 0
0.5275731868 1.00007619 0
0.5278638049 1.00003114 0
0.528154423 1.00010555 0
0.5287356591 1.00004332 0
0.5290262772 1.00007028 0
0.5296075134 0.999879535 0
0.5298981315 1.00009576 0
0.5301887496 1.00012799 0
0.5304793676 1.00008944 0
0.5310606038 0.99992034 0
0.5313512219 1.00036649 0
0.53164184 0.99982171 0
0.5319324581 0.99981427 0
0.5325136942 0.99976245 0
0.5328043123 0.999674945 0
0.5333855485 0.99972932 0
0.5336761665 1.00025423 0
0.5339667846 1.00002283 0
0.5342574027 0.99973773 0
0.5345480208 1.00000339 0
0.5348386389 0.99980759 0
0.535129257 0.99990035 0
0.5357104931 1.00011565 0
0.5360011112 0.99944851 0
0.5362917293 0.99954886 0
0.5365823474 0.999731945 0
0.5371635835 0.99999626 0
0.5374542016 0.99999286 0
0.5380354378 0.999988045 0
0.5383260559 0.99977105 0
0.538616674 0.99985109 0
0.538907292 0.99980106 0
0.5394885282 1.00013304 0
0.5397791463 0.99995157 0
0.5403603824 0.999997135 0
0.5406510005 0.99964508 0
0.5409416186 0.99992411 0
0.5412322367 0.999894305 0
0.5418134729 0.999948385 0
0.5421040909 1.00001158 0
0.5426853271 1.00044448 0
0.5429759452 0.99979079 0
0.5432665633 0.99983361 0
0.5435571814 1.00008819 0
0.5441384175 0.99994241 0
0.5444290356 1.00007655 0
0.5447196537 1.00001368 0
0.5450102718 1.00024008 0
0.5453008898 0.99999027 0
0.5455915079 1.00009378 0
0.545882126 1.000031965 0
0.5464633622 1.00003613 0
0.5467539803 1.00045724 0
0.5470445983 1.0000578 0
0.5473352164 1.000184655 0
0.5479164526 0.99976337 0
0.5482070707 1.00023596 0
0.5487883068 1.00004228 0
0.5490789249 1.00049899 0
0.549369543 0.9998561 0
0.5496601611 1.000087375 0
0.5502413972 0.999983735 0
0.5511132515 1.00008574 0
0.5514038696 1.0002278 0
0.5519851057 1.000167415 0
0.5525663419 1.00006893 0
0.55285696 0.99980401 0
0.5531475781 0.99998888 0
0.5534381962 1.0002604 0
0.5537288142 1.00001125 0
0.5540194323 1.00000811 0
0.5543100504 0.99992617 0
0.5548912866 0.99992256 0
0.5551819047 1.00039641 0
0.5554725227 0.99988719 0
0.5557631408 0.99993604 0
0.5560537589 0.99999118 0
0.556344377 0.9999564 0
0.5566349951 0.99996281 0
0.5572162312 0.99997152 0
0.5575068493 0.99987843 0
0.5577974674 1.00010096 0
0.5580880855 0.99991607 0
0.5586693216 0.99961418 0
0.5589599397 1.00005203 0
0.5595411759 1.000026125 0
0.559831794 1.00006498 0
0.5601224121 0.99998857 0
0.5604130301 1.000185945 0
0.5612848844 1.000129505 0
0.5618661205 0.99995993 0
0.5621567386 0.99981243 0
0.5624473567 1.00001101 0
0.5627379748 1.00016087 0
0.563319211 1.000018835 0
0.563609829 1.00004384 0
0.5639004471 0.99971962 0
0.5641910652 0.99979525 0
0.5644816833 1.00014524 0
0.5647723014 1.0000892 0
0.5650629195 1.00018431 0
0.5656441556 1.000102095 0
0.5659347737 1.00000406 0
0.5662253918 0.99996442 0
0.5665160099 0.99991721 0
0.567097246 1.00005299 0
0.5673878641 0.99999983 0
0.5679691003 0.99990795 0
0.5682597184 1.00029316 0
0.5685503364 0.99967398 0
0.5688409545 1.00005749 0
0.5694221907 0.99987766 0
0.5697128088 0.999907435 0
0.5702940449 0.99983027 0
0.570584663 0.99989212 0
0.5708752811 1.00003124 0
0.5711658992 0.999872725 0
0.5717471354 0.99972062 0
0.5720377534 0.99996952 0
0.5726189896 1.00002336 0
0.5729096077 1.00002171 0
0.5732002258 0.99968879 0
0.5734908438 0.9999967 0
0.57407208 0.999979555 0
0.5743626981 1.00002926 0
0.5749439343 1.000072945 0
0.5752345523 0.99997308 0
0.5755251704 1.00003437 0
0.5758157885 0.9999365 0
0.5763970247 1.000009565 0
0.5766876428 0.99975429 0
0.5769782608 1.00028908 0
0.5772688789 1.00004716 0
0.577559497 1.00002507 0
0.5778501151 1.00037433 0
0.5781407332 1.00018834 0
0.5787219693 1.00014467 0
0.5790125874 1.00000688 0
0.5795938236 1.00007504 0
0.5798844417 0.99975944 0
0.5801750597 0.99991488 0
0.5804656778 1.000020755 0
0.581046914 1.000081795 0
0.5813375321 0.99991199 0
0.5816281502 0.9998787 0
0.5819187682 1.000103775 0
0.5825000044 0.99997403 0
0.5827906225 1.000040495 0
0.5833718586 0.9998965 0
0.5836624767 1.00002592 0
0.5839530948 0.99981105 0
0.5842437129 1.00004127 0
0.5848249491 0.99991435 0
0.5851155671 1.00015066 0
0.5856968033 0.999683545 0
0.5859874214 0.9998865 0
0.5862780395 0.99992704 0
0.5865686576 1.00016243 0
0.5871498937 0.99985206 0
0.5874405118 1.00029271 0
0.5877311299 0.99992327 0
0.588021748 1.00028087 0
0.5883123661 1.00003725 0
0.5888936022 0.9998912 0
0.5894748384 0.999986385 0
0.5897654565 0.99975976 0
0.5900560745 1.00012726 0
0.5903466926 0.99981583 0
0.5906373107 1.00014734 0
0.5912185469 1.00005843 0
0.591799783 0.99992749 0
0.5920904011 0.99962528 0
0.5923810192 1.00007306 0
0.5926716373 1.00003197 0
0.5932528735 0.99977507 0
0.5935434915 0.999957505 0
0.5941247277 1.00013281 0
0.5944153458 0.99990631 0
0.5947059639 0.99999142 0
0.5949965819 1.000125555 0
0.5955778181 1.00004406 0
0.5958684362 1.000116055 0
0.5964496724 1.000079595 0
0.5967402904 1.00017649 0
0.5970309085 1.00016337 0
0.5973215266 0.99995097 0
0.5979027628 0.99972653 0
0.5981933809 1.00007297 0
0.5984839989 0.9998803 0
0.598774617 0.99999118 0
0.5990652351 1.0000252 0
0.5993558532 1.00018336 0
0.5996464713 1.00000434 0
0.6002277074 0.99996176 0
0.6005183255 0.99996838 0
0.6008089436 0.99968768 0
0.6010995617 0.99993344 0
0.6013901798 1.00023453 0
0.6016807978 1.00007561 0
0.6019714159 0.99980513 0
0.6025526521 0.999839055 0
0.6028432702 0.99997788 0
0.6031338883 0.99968761 0
0.6034245063 1.00002087 0
0.6037151244 0.99985749 0
0.6040057425 1.00010478 0
0.6042963606 0.999909495 0
0.6048775968 1.00005211 0
0.6051682148 0.99998536 0
0.6054588329 0.99976386 0
0.605749451 0.99998014 0
0.6063306872 0.99998471 0
0.6066213052 0.99992533 0
0.6072025414 0.99992859 0
0.6074931595 1.00027046 0
0.6077837776 0.99977045 0
0.6080743957 0.99961018 0
0.6086556318 1.00011026 0
0.6089462499 0.99993403 0
0.6095274861 1.000074135 0
0.6098181042 0.99986688 0
0.6101087222 1.00002308 0
0.6103993403 0.99993126 0
0.6109805765 0.999868355 0
0.6112711946 1.00001082 0
0.6115618126 0.99993716 0
0.6118524307 1.00011518 0
0.6121430488 1.00012649 0
0.6124336669 0.99990148 0
0.612724285 1.000117905 0
0.6133055211 1.000000985 0
0.6135961392 1.00025541 0
0.6138867573 1.00011039 0
0.6141773754 1.00049592 0
0.6144679935 1.00026431 0
0.6147586116 0.99993813 0
0.6150492296 0.99998266 0
0.6156304658 1.000142155 0
0.6159210839 1.00004098 0
0.61650232 0.999828845 0
0.6173741743 1.000096875 0
0.6179554105 1.00019842 0
0.6182460285 1.00004758 0
0.6185366466 0.99996549 0
0.6188272647 0.99977079 0
0.6194085009 1.000246105 0
0.619699119 0.99999662 0
0.6202803551 0.99990142 0
0.6205709732 0.99996553 0
0.6208615913 1.00006807 0
0.6211522094 0.999773975 0
0.6217334455 1.000020975 0
0.6220240636 1.00031593 0
0.6223146817 0.99993483 0
0.6226052998 1.00011175 0
0.6228959179 1.00004433 0
0.6231865359 1.00038762 0
0.623477154 1.00012296 0
0.6240583902 1.00014253 0
0.6243490083 0.999788 0
0.6246396264 0.99985651 0
0.6249302444 1.00000267 0
0.6252208625 0.99994997 0
0.6258020987 0.999951675 0
0.6263833349 0.999953135 0
0.6266739529 0.99999728 0
0.626964571 1.00051561 0
0.6272551891 0.999758485 0
0.6278364253 1.00022375 0
0.6281270433 0.999904835 0
0.6287082795 0.999760395 0
0.6289988976 1.00005199 0
0.6292895157 0.99997106 0
0.6295801338 1.00006455 0
0.6301613699 1.00015062 0
0.630451988 1.000100575 0
0.6310332242 0.999825035 0
0.6313238423 0.99997952 0
0.6316144603 1.00010983 0
0.6319050784 1.00003711 0
0.6324863146 1.00015621 0
0.6327769327 1.00034433 0
0.6330675507 1.00045812 0
0.6333581688 0.99983889 0
0.6336487869 0.99991116 0
0.6342300231 1.000032955 0
0.6348112592 1.00005303 0
0.6351018773 1.0001677 0
0.6356831135 1.00006014 0
0.6359737316 0.99995039 0
0.6362643497 0.9999067 0
0.6365549677 1.00004163 0
0.6371362039 0.999978015 0
0.637426822 0.99990263 0
0.6377174401 0.9998595 0
0.6380080582 1.00010315 0
0.6382986762 0.99973713 0
0.6385892943 1.00017911 0
0.6388799124 1.000000615 0
0.6394611486 0.999902965 0
0.6397517666 1.0004256 0
0.6400423847 0.99990766 0
0.6403330028 1.00014376 0
0.640914239 0.99948164 0
0.6412048571 1.00008728 0
0.6417860932 1.000034225 0
0.6423673294 1.00022682 0
0.6426579475 0.9998996 0
0.6432391836 1.00011401 0
0.6435298017 1.00006746 0
0.6441110379 0.99963997 0
0.644401656 1.00018664 0
0.644692274 1.00009457 0
0.6449828921 0.999873535 0
0.6455641283 1.00007167 0
0.6458547464 0.99975392 0
0.6461453645 0.9999479 0
0.6464359825 1.00011624 0
0.6467266006 0.9999581 0
0.6470172187 1.00018484 0
0.6473078368 0.99990274 0
0.647889073 0.999929625 0
0.648179691 0.99989632 0
0.6484703091 0.99983428 0
0.6487609272 0.99994953 0
0.6490515453 1.00003323 0
0.6493421634 1.0000443 0
0.6496327815 1.000227585 0
0.6502140176 0.99998303 0
0.6505046357 1.00025887 0
0.6507952538 1.00007314 0
0.6510858719 1.000046115 0
0.651667108 1.00004877 0
0.6519577261 1.000031605 0
0.6525389623 1.00003795 0
0.6528295804 0.99988055 0
0.6534108165 1.000063795 0
0.6539920527 0.99988129 0
0.6542826708 1.00010892 0
0.6548639069 0.99995074 0
0.655154525 1.00004355 0
0.6554451431 1.00015536 0
0.6557357612 0.99997741 0
0.6563169973 0.99991994 0
0.6566076154 0.99994372 0
0.6568982335 1.00034118 0
0.6574794697 1.00000526 0
0.6577700878 0.99989739 0
0.6580607058 1.00017159 0
0.658641942 1.00002435 0
0.6589325601 1.00019089 0
0.6592231782 1.00016802 0
0.6595137963 1.00018034 0
0.6598044143 0.99983761 0
0.6600950324 0.9999717 0
0.6603856505 1.00008068 0
0.6609668867 1.00012365 0
0.6612575047 0.99987988 0
0.6615481228 0.99999654 0
0.6618387409 0.99993701 0
0.6627105952 1.0001105 0
0.6632918313 1.000012815 0
0.6635824494 1.00053044 0
0.6638730675 0.99988659 0
0.6641636856 1.0001542 0
0.6647449217 1.00002113 0
0.6650355398 1.0001166 0
0.665616776 0.99994098 0
0.6659073941 1.00017334 0
0.6661980122 0.99978863 0
0.6664886302 0.999913635 0
0.6670698664 0.99993591 0
0.6673604845 0.99976383 0
0.6676511026 0.99961509 0
0.6679417206 0.99998724 0
0.6682323387 0.99981456 0
0.6685229568 1.00002019 0
0.6688135749 0.99995519 0
0.6693948111 1.000093525 0
0.6696854291 0.99989814 0
0.6699760472 1.00007482 0
0.6702666653 0.99989988 0
0.6705572834 1.00020361 0
0.6708479015 0.99999108 0
0.6711385196 1.000060325 0
0.6717197557 0.99980896 0
0.6720103738 1.00000539 0
0.6723009919 1.00031335 0
0.67259161 1.00011327 0
0.672882228 0.99987387 0
0.6731728461 1.00012976 0
0.6734634642 0.999976625 0
0.6740447004 0.999875875 0
0.6743353185 1.0002948 0
0.6746259365 0.99976754 0
0.6749165546 0.999935605 0
0.6754977908 0.99992933 0
0.6757884089 1.00006048 0
0.676369645 1.000128935 0
0.6766602631 1.00010875 0
0.6769508812 0.99983989 0
0.6772414993 0.99983573 0
0.6778227354 1.000254925 0
0.6781133535 0.99999573 0
0.6786945897 0.99988396 0
0.6789852078 0.99966483 0
0.6795664439 0.99994062 0
0.6801476801 1.00011626 0
0.6804382982 0.99986631 0
0.6810195344 1.00033832 0
0.6813101524 0.99977597 0
0.6816007705 1.00010822 0
0.6818913886 1.000379185 0
0.6824726248 0.999897025 0
0.6827632429 1.00003553 0
0.6830538609 1.00018407 0
0.683344479 0.99976628 0
0.6836350971 1.00008827 0
0.6839257152 1.00034912 0
0.6842163333 1.000181965 0
0.6847975694 1.000047185 0
0.6850881875 0.99976148 0
0.6853788056 0.99996315 0
0.6856694237 0.999910185 0
0.6862506598 1.00022627 0
0.6865412779 1.000116685 0
0.6871225141 1.000191435 0
0.6874131322 1.00018802 0
0.6877037503 0.9999988 0
0.6879943683 1.000073325 0
0.6885756045 1.000051475 0
0.6888662226 1.00022849 0
0.6894474587 1.00014162 0
0.6897380768 1.00038686 0
0.690319313 0.999804485 0
0.6909005492 1.000049375 0
0.6911911672 1.00007425 0
0.6914817853 0.99999238 0
0.6917724034 1.00012358 0
0.6920630215 0.99986022 0
0.6923536396 0.99974971 0
0.6926442577 0.999788635 0
0.6932254938 0.999949525 0
0.6935161119 1.00006616 0
0.69380673 1.00020796 0
0.6943879661 1.00002361 0
0.6946785842 1.00003516 0
0.6949692023 0.99976244 0
0.6955504385 0.999868605 0
0.6958410566 1.0000248 0
0.6961316746 0.99984229 0
0.6964222927 0.999984415 0
0.6970035289 1.00003959 0
0.697294147 1.00010817 0
0.6978753831 1.000183795 0
0.6981660012 0.99977421 0
0.6984566193 1.00025687 0
0.6987472374 0.999994895 0
0.6996190916 0.99976388 0
0.7002003278 0.99994913 0
0.7004909459 1.00023621 0
0.700781564 1.00004437 0
0.701072182 1.000029205 0
0.7016534182 0.999781145 0
0.7019440363 0.9999889 0
0.7022346544 1.00012344 0
0.7025252725 1.00000858 0
0.7028158905 0.99979786 0
0.7031065086 0.9999707 0
0.7033971267 0.999931265 0
0.7039783629 1.00012177 0
0.704268981 1.00022683 0
0.704559599 0.99995874 0
0.7048502171 0.99983508 0
0.7051408352 0.99980003 0
0.7054314533 0.99990709 0
0.7057220714 1.00018376 0
0.7063033075 0.99983302 0
0.7065939256 0.999946 0
0.7071751618 0.9998185 0
0.7074657799 1.00013935 0
0.708047016 1.000156625 0
0.7086282522 1.00042541 0
0.7089188703 0.9999792 0
0.7092094884 1.00004964 0
0.7095001064 0.99997966 0
0.7100813426 1.00017877 0
0.7103719607 0.999992455 0
0.7109531968 0.999988435 0
0.7112438149 1.00003758 0
0.711534433 0.99976488 0
0.7118250511 1.00022964 0
0.7124062873 1.000156845 0
0.7126969053 1.00020085 0
0.7132781415 0.99998064 0
0.7135687596 1.00001061 0
0.7138593777 1.00032144 0
0.7141499958 0.999960215 0
0.7147312319 0.99983088 0
0.71502185 0.99998347 0
0.7153124681 1.00010635 0
0.7156030862 1.0003534 0
0.7158937043 1.0000574 0
0.7161843223 0.99989644 0
0.7164749404 0.99992816 0
0.7170561766 1.00001999 0
0.7173467947 1.00003289 0
0.7179280308 0.99989577 0
0.7182186489 1.0002055 0
0.718509267 0.99985058 0
0.7187998851 0.99997328 0
0.7193811212 1.000027575 0
0.7196717393 1.00016672 0
0.7199623574 0.99974836 0
0.7202529755 1.00003053 0
0.7208342117 0.99987874 0
0.7211248297 1.000074725 0
0.7217060659 1.00006789 0
0.721996684 1.00017365 0
0.7222873021 1.00020987 0
0.7225779201 1.0000275 0
0.7231591563 1.000162365 0
0.7234497744 0.99990026 0
0.7240310106 0.99992193 0
0.7243216286 0.99998607 0
0.7246122467 1.00004054 0
0.7249028648 1.000266915 0
0.725484101 0.999941505 0
0.7257747191 0.99981372 0
0.7260653371 1.00001987 0
0.7263559552 1.00003281 0
0.7266465733 0.99988403 0
0.7269371914 1.00010396 0
0.7272278095 0.99990711 0
0.7278090456 0.999932 0
0.7280996637 1.00000348 0
0.7283902818 1.00006449 0
0.7286808999 1.00006197 0
0.728971518 1.00020831 0
0.729262136 0.99966588 0
0.7295527541 0.99992854 0
0.7301339903 0.99995013 0
0.7304246084 1.00005511 0
0.7307152265 0.99994842 0
0.7310058445 1.00016836 0
0.7315870807 0.99994852 0
0.7318776988 1.000083885 0
0.732458935 1.000126485 0
0.732749553 0.99979152 0
0.7330401711 0.9999026 0
0.7333307892 0.999880615 0
0.7339120254 0.99987269 0
0.7342026434 1.00003337 0
0.7347838796 1.000036515 0
0.7350744977 1.00003164 0
0.7353651158 1.00007041 0
0.7356557339 1.000044145 0
0.73623697 0.99992448 0
0.7365275881 1.00014824 0
0.7368182062 0.9998441 0
0.7371088243 0.99993995 0
0.7373994424 1.00010857 0
0.7376900604 0.9998167 0
0.7379806785 1.00006266 0
0.7385619147 1.00016444 0
0.7388525328 0.99996473 0
0.7391431508 0.99996734 0
0.7394337689 1.0002014 0
0.739724387 1.00017555 0
0.7400150051 0.99967411 0
0.7403056232 1.000026335 0
0.7408868593 0.999963405 0
0.7411774774 0.99995323 0
0.7414680955 1.00000266 0
0.7417587136 1.00020855 0
0.7420493317 0.99997289 0
0.7423399498 1.00009038 0
0.7426305678 1.00004073 0
0.743211804 0.9998991 0
0.7435024221 1.00031273 0
0.7437930402 0.9998164 0
0.7440836582 1.000092725 0
0.7446648944 0.99983398 0
0.7449555125 0.99999447 0
0.7455367487 0.99970144 0
0.7458273667 1.00002246 0
0.7461179848 1.00007746 0
0.7464086029 0.99998276 0
0.7469898391 0.999917765 0
0.7472804572 0.99962117 0
0.7478616933 1.00009192 0
0.7481523114 0.99987832 0
0.7484429295 1.0001905 0
0.7487335476 0.999775825 0
0.7493147837 1.00001915 0
0.7496054018 0.99959859 0
