-0.2498028122  1.00029543 1.00001217
-0.2490343008  1.00026792 1.00001217
-0.2482657973  1.00043203 1.00001217
-0.2474972897  1.00022863 1.00001217
-0.2467287788  1.00015557 1.00001217
-0.2459602749  1.00020957 1.00001217
-0.2451917677  1.00010788 1.00001217
-0.2444232563  1.00035345 1.00001217
-0.2436547529  1.00029790 1.00001217
-0.2428862415  0.99943533 1.00001217
-0.2421177343  0.99986071 1.00001217
-0.2405807195  0.99986276 1.00001217
-0.2398122119  0.99994455 1.00001217
-0.2382751974  1.00028320 1.00001217
-0.2375066898  0.99986928 1.00001217
-0.2367381826  0.99994641 1.00001217
-0.2359696750  1.00003725 1.00001217
-0.2352011678  1.00013678 1.00001217
-0.2344326605  1.00012512 1.00001217
-0.2336641492  1.00041696 1.00001217
-0.2328956457  1.00020796 1.00001217
-0.2313586275  0.99979244 1.00001217
-0.2305901237  0.99997697 1.00001217
-0.2298216165  0.99992952 1.00001217
-0.2290531092  0.99998451 1.00001217
-0.2282846020  0.99999160 1.00001217
-0.2275160944  1.00043322 1.00001217
-0.2267475872  0.99977039 1.00001217
-0.2259790800  0.99974443 1.00001217
-0.2252105690  1.00021970 1.00001217
-0.2244420655  1.00003163 1.00001217
-0.2236735583  1.00010491 1.00001217
-0.2229050473  1.00001969 1.00001217
-0.2221365435  1.00005156 1.00001217
-0.2213680362  1.00000650 1.00001217
-0.2205995253  0.99987527 1.00001217
-0.2198310180  0.99975938 1.00001217
-0.2190625146  0.99999865 1.00001217
-0.2182940036  0.99985122 1.00001217
-0.2175254964  0.99991156 1.00001217
-0.2167569929  1.00037141 1.00001217
-0.2159884819  1.00003125 1.00001217
-0.2152199747  1.00019172 1.00001217
-0.2144514712  0.99999099 1.00001217
-0.2136829603  1.00025732 1.00001217
-0.2129144530  1.00012769 1.00001217
-0.2121459496  0.99982058 1.00001217
-0.2113774386  1.00010689 1.00001217
-0.2106089314  1.00021430 1.00001217
-0.2098404208  0.99987962 1.00001217
-0.2090719173  0.99990603 1.00001217
-0.2083034101  0.99992795 1.00001217
-0.2075348991  1.00020555 1.00001217
-0.2067663956  0.99977736 1.00001217
-0.2059978884  1.00027947 1.00001217
-0.2052293774  1.00021294 1.00001217
-0.2036923671  1.00014190 1.00001217
-0.2029238561  1.00007176 1.00001217
-0.2021553527  0.99971710 1.00001217
-0.2013868458  1.00034452 1.00001217
-0.2006183348  1.00023485 1.00001217
-0.1998498314  0.99991306 1.00001217
-0.1990813241  1.00011514 1.00001217
-0.1983128135  1.00002029 1.00001217
-0.1975443101  1.00008058 1.00001217
-0.1967758028  1.00019603 1.00001217
-0.1960072922  1.00010552 1.00001217
-0.1952387888  1.00005834 1.00001217
-0.1944702778  0.99975606 1.00001217
-0.1937017709  1.00000407 1.00001217
-0.1929332675  0.99995868 1.00001217
-0.1921647569  0.99994535 1.00001217
-0.1913962497  1.00000715 1.00001217
-0.1906277462  1.00014044 1.00001217
-0.1898592356  0.99987009 1.00001217
-0.1890907284  1.00033995 1.00001217
-0.1883222215  1.00040038 1.00001217
-0.1875537143  0.99984384 1.00001217
-0.1867852074  1.00016279 1.00001217
-0.1860167002  0.99969821 1.00001217
-0.1852481934  1.00016101 1.00001217
-0.1844796861  0.99996665 1.00001217
-0.1837111793  0.99980902 1.00001217
-0.1829426683  0.99992247 1.00001217
-0.1821741652  1.00042600 1.00001217
-0.1814056580  1.00018976 1.00001217
-0.1806371474  0.99989951 1.00001217
-0.1798686443  0.99992092 1.00001217
-0.1791001333  0.99994385 1.00001217
-0.1783316265  1.00005618 1.00001217
-0.1775631230  1.00057682 1.00001217
-0.1760261056  1.00012208 1.00001217
-0.1752576021  1.00018155 1.00001217
-0.1744890915  0.99980488 1.00001217
-0.1737205884  1.00015685 1.00001217
-0.1729520812  1.00001841 1.00001217
-0.1721835706  1.00008388 1.00001217
-0.1714150675  0.99959855 1.00001217
-0.1706465606  0.99981627 1.00001217
-0.1698780497  0.99973108 1.00001217
-0.1691095428  1.00027808 1.00001217
-0.1683410397  0.99968758 1.00001217
-0.1668040219  0.99993458 1.00001217
-0.1660355188  0.99982518 1.00001217
-0.1652670082  1.00005033 1.00001217
-0.1644985014  1.00000986 1.00001217
-0.1637299907  1.00004716 1.00001217
-0.1629614877  1.00006686 1.00001217
-0.1621929804  1.00009258 1.00001217
-0.1614244698  0.99973313 1.00001217
-0.1606559667  1.00012610 1.00001217
-0.1598874599  1.00003059 1.00001217
-0.1591189493  1.00007843 1.00001217
-0.1583504462  0.99998272 1.00001217
-0.1575819394  1.00020818 1.00001217
-0.1568134287  0.99978571 1.00001217
-0.1560449257  0.99978589 1.00001217
-0.1552764188  0.99981117 1.00001217
-0.1545079082  0.99991887 1.00001217
-0.1537394051  0.99989766 1.00001217
-0.1529708983  1.00008841 1.00001217
-0.1522023877  1.00007330 1.00001217
-0.1514338808  1.00013818 1.00001217
-0.1506653777  1.00019703 1.00001217
-0.1498968671  0.99977083 1.00001217
-0.1491283603  0.99977671 1.00001217
-0.1483598534  0.99993585 1.00001217
-0.1475913466  0.99982934 1.00001217
-0.1468228397  1.00013597 1.00001217
-0.1460543329  0.99986630 1.00001217
-0.1452858260  1.00009957 1.00001217
-0.1445173229  0.99999657 1.00001217
-0.1437488127  0.99973349 1.00001217
-0.1429803059  1.00030093 1.00001217
-0.1422118028  0.99993573 1.00001217
-0.1414432922  0.99966413 1.00001217
-0.1406747853  0.99974385 1.00001217
-0.1391377720  1.00021198 1.00001217
-0.1383692652  1.00029728 1.00001217
-0.1376007583  0.99998537 1.00001217
-0.1368322515  1.00021680 1.00001217
-0.1360637446  0.99985646 1.00001217
-0.1352952382  1.00032357 1.00001217
-0.1345267313  1.00000302 1.00001217
-0.1337582245  1.00031057 1.00001217
-0.1329897142  0.99990211 1.00001217
-0.1322212074  1.00038691 1.00001217
-0.1314527043  0.99988501 1.00001217
-0.1306841937  1.00022072 1.00001217
-0.1299156872  1.00030618 1.00001217
-0.1291471841  0.99988189 1.00001217
-0.1283786735  1.00009816 1.00001217
-0.1276101670  1.00020244 1.00001217
-0.1268416640  0.99999479 1.00001217
-0.1260731534  0.99988743 1.00001217
-0.1253046469  0.99989571 1.00001217
-0.1245361438  0.99979656 1.00001217
-0.1237676336  1.00017172 1.00001217
-0.1229991267  0.99991501 1.00001217
-0.1222306236  1.00002842 1.00001217
-0.1214621134  1.00005427 1.00001217
-0.1206936103  1.00004338 1.00001217
-0.1199251001  1.00004508 1.00001217
-0.1191565932  1.00019086 1.00001217
-0.1183880868  0.99965459 1.00001217
-0.1176195799  0.99998396 1.00001217
-0.1168510734  1.00002746 1.00001217
-0.1160825666  1.00005792 1.00001217
-0.1153140601  0.99979835 1.00001217
-0.1145455533  0.99994704 1.00001217
-0.1137770468  0.99956226 1.00001217
-0.1130085362  0.99970774 1.00001217
-0.1114715266  0.99994899 1.00001217
-0.1107030164  1.00001994 1.00001217
-0.1099345137  1.00021540 1.00001217
-0.1091660069  1.00002984 1.00001217
-0.1083974966  1.00001309 1.00001217
-0.1076289935  1.00007120 1.00001217
-0.1068604871  1.00046051 1.00001217
-0.1060919768  0.99997343 1.00001217
-0.1053234737  1.00003351 1.00001217
-0.1045549673  1.00006951 1.00001217
-0.1037864570  1.00009518 1.00001217
-0.1014809373  1.00020422 1.00001217
-0.1007124304  0.99988239 1.00001217
-0.0999439239  1.00004606 1.00001217
-0.0984069106  0.99997186 1.00001217
-0.0976384041  0.99945602 1.00001217
-0.0968698977  1.00006862 1.00001217
-0.0961013912  0.99987339 1.00001217
-0.0953328806  0.99990359 1.00001217
-0.0945643779  0.99995121 1.00001217
-0.0937958714  0.99995285 1.00001217
-0.0930273649  0.99983523 1.00001217
-0.0922588585  1.00023955 1.00001217
-0.0914903554  1.00009940 1.00001217
-0.0907218452  1.00003056 1.00001217
-0.0899533387  0.99998025 1.00001217
-0.0891848285  0.99991343 1.00001217
-0.0884163257  1.00000169 1.00001217
-0.0876478193  0.99988563 1.00001217
-0.0868793087  0.99971032 1.00001217
-0.0861108060  1.00010080 1.00001217
-0.0853422995  1.00016179 1.00001217
-0.0845737893  1.00004677 1.00001217
-0.0838052865  1.00040264 1.00001217
-0.0830367801  0.99999634 1.00001217
-0.0822682698  1.00027397 1.00001217
-0.0814997634  1.00013727 1.00001217
-0.0807312607  0.99999374 1.00001217
-0.0799627504  0.99980391 1.00001217
-0.0791942440  1.00039609 1.00001217
-0.0784257412  1.00002570 1.00001217
-0.0776572310  0.99996464 1.00001217
-0.0768887242  1.00011525 1.00001217
-0.0761202215  1.00047328 1.00001217
-0.0745832048  0.99984046 1.00001217
-0.0738146945  0.99992176 1.00001217
-0.0730461918  0.99988084 1.00001217
-0.0722776857  0.99987056 1.00001217
-0.0715091755  1.00008316 1.00001217
-0.0707406728  1.00015472 1.00001217
-0.0699721663  0.99979862 1.00001217
-0.0692036561  1.00000342 1.00001217
-0.0684351534  1.00023807 1.00001217
-0.0676666469  1.00045469 1.00001217
-0.0668981367  1.00001087 1.00001217
-0.0661296339  0.99987784 1.00001217
-0.0653611275  0.99994342 1.00001217
-0.0645926210  0.99991641 1.00001217
-0.0638241145  0.99982264 1.00001217
-0.0630556081  1.00009298 1.00001217
-0.0622871020  1.00010358 1.00001217
-0.0615185955  1.00011171 1.00001217
-0.0607500853  1.00010143 1.00001217
-0.0599815788  0.99977841 1.00001217
-0.0592130761  0.99985655 1.00001217
-0.0584445659  1.00001028 1.00001217
-0.0576760598  1.00005359 1.00001217
-0.0569075570  0.99962971 1.00001217
-0.0561390468  0.99995549 1.00001217
-0.0553705403  0.99989578 1.00001217
-0.0546020376  0.99985068 1.00001217
-0.0538335278  1.00009980 1.00001217
-0.0530650213  1.00019957 1.00001217
-0.0522965186  1.00003802 1.00001217
-0.0515280084  1.00013837 1.00001217
-0.0507595023  0.99973660 1.00001217
-0.0499909958  0.99990626 1.00001217
-0.0492224893  1.00007774 1.00001217
-0.0484539829  0.99979445 1.00001217
-0.0476854768  0.99998631 1.00001217
-0.0469169703  1.00009809 1.00001217
-0.0453799540  1.00015280 1.00001217
-0.0446114475  0.99996021 1.00001217
-0.0438429448  1.00006255 1.00001217
-0.0430744349  0.99994528 1.00001217
-0.0423059285  0.99979503 1.00001217
-0.0415374257  0.99990755 1.00001217
-0.0407689159  0.99999992 1.00001217
-0.0400004094  0.99982147 1.00001217
-0.0392319067  1.00015230 1.00001217
-0.0384633969  1.00005128 1.00001217
-0.0376948904  0.99994401 1.00001217
-0.0369263877  1.00014990 1.00001217
-0.0361578778  1.00027073 1.00001217
-0.0353893751  0.99984591 1.00001217
-0.0346208690  1.00024762 1.00001217
-0.0338523588  1.00016539 1.00001217
-0.0330838561  1.00001983 1.00001217
-0.0323153462  1.00029494 1.00001217
-0.0315468397  0.99980062 1.00001217
-0.0307783374  1.00032118 1.00001217
-0.0300098272  1.00005905 1.00001217
-0.0284728146  0.99975115 1.00001217
-0.0277043085  0.99963609 1.00001217
-0.0269358020  0.99957401 1.00001217
-0.0261672960  1.00024507 1.00001217
-0.0253987895  0.99999473 1.00001217
-0.0246302834  0.99994325 1.00001217
-0.0238617769  1.00001655 1.00001217
-0.0230932671  1.00018682 1.00001217
-0.0223247643  0.99962499 1.00001217
-0.0215562583  0.99987102 1.00001217
-0.0207877480  0.99973901 1.00001217
-0.0200192457  0.99986887 1.00001217
-0.0192507355  1.00019894 1.00001217
-0.0177137267  1.00005730 1.00001217
-0.0169452168  1.00025033 1.00001217
-0.0161767107  0.99998065 1.00001217
-0.0154082080  1.00024331 1.00001217
-0.0146396981  1.00001804 1.00001217
-0.0138711917  1.00006807 1.00001217
-0.0131026856  0.99994169 1.00001217
-0.0123341795  1.00032441 1.00001217
-0.0115656768  0.99993006 1.00001217
-0.0107971669  0.99982314 1.00001217
-0.0100286604  0.99991252 1.00001217
-0.0092601543  1.00019281 1.00001217
-0.0084916520  1.00018832 1.00001217
-0.0077231418  0.99972677 1.00001217
-0.0069546357  0.99993222 1.00001217
-0.0061861296  1.00023999 1.00001217
-0.0054176231  1.00015176 1.00001217
-0.0046491170  1.00009634 1.00001217
-0.0038806072  0.99998475 1.00001217
-0.0031121045  1.00000461 1.00001217
-0.0023435984  1.00042676 1.00001217
-0.0015750885  1.00039894 1.00001217
-0.0008065862  0.99939607 0.99944812
-0.0000380797  0.99868085 0.99901006
0.0007304302  0.99946311 0.99935748
0.0014989325  1.00021678 1.00000956
0.0022674390  1.00030708 1.00001217
0.0030359488  1.00018360 1.00001217
0.0038044512  0.99979203 1.00001217
0.0045729572  1.00013202 1.00001217
0.0053414675  0.99995912 1.00001217
0.0061099698  0.99993994 1.00001217
0.0068784797  1.00009756 1.00001217
0.0076469858  1.00039650 1.00001217
0.0084154922  1.00009749 1.00001217
0.0091839983  0.99996937 1.00001217
0.0099525044  1.00011235 1.00001217
0.0107210105  0.99998511 1.00001217
0.0114895204  0.99989771 1.00001217
0.0122580231  0.99973897 1.00001217
0.0130265292  0.99994774 1.00001217
0.0137950390  1.00015405 1.00001217
0.0145635414  0.99959424 1.00001217
0.0153320437  0.99998435 1.00001217
0.0161005539  0.99995458 1.00001217
0.0168690600  0.99985106 1.00001217
0.0176375624  1.00011043 1.00001217
0.0184060722  1.00009874 1.00001217
0.0191745783  1.00005969 1.00001217
0.0199430882  1.00012417 1.00001217
0.0207115905  1.00020801 1.00001217
0.0214800970  0.99988045 1.00001217
0.0222486068  1.00006191 1.00001217
0.0230171092  0.99974010 1.00001217
0.0237856153  0.99991353 1.00001217
0.0253226274  0.99988966 1.00001217
0.0260911335  0.99996355 1.00001217
0.0268596434  1.00015990 1.00001217
0.0276281495  1.00036097 1.00001217
0.0283966518  0.99980226 1.00001217
0.0291651621  0.99987105 1.00001217
0.0299336682  1.00001589 1.00001217
0.0307021705  1.00015004 1.00001217
0.0314706803  1.00013235 1.00001217
0.0322391864  1.00015712 1.00001217
0.0330076963  0.99993300 1.00001217
0.0337761986  0.99989234 1.00001217
0.0345447047  0.99986522 1.00001217
0.0353132146  0.99987172 1.00001217
0.0360817169  0.99992735 1.00001217
0.0368502230  1.00008549 1.00001217
0.0376187329  1.00016186 1.00001217
0.0383872352  0.99996442 1.00001217
0.0391557413  1.00007037 1.00001217
0.0399242474  1.00002697 1.00001217
0.0406927535  1.00001923 1.00001217
0.0414612596  0.99993493 1.00001217
0.0422297657  1.00018529 1.00001217
0.0429982718  0.99998132 1.00001217
0.0437667816  0.99983852 1.00001217
0.0545258628  0.99975162 1.00001217
0.0552943727  0.99990734 1.00001217
0.0560628788  0.99991122 1.00001217
0.0568313886  1.00014790 1.00001217
0.0575998910  1.00008681 1.00001217
0.0583683970  1.00023259 1.00001217
0.0591369069  1.00025230 1.00001217
0.0599054092  1.00006965 1.00001217
0.0606739153  1.00026540 1.00001217
0.0614424252  0.99990602 1.00001217
0.0622109271  0.99997489 1.00001217
0.0629794332  0.99974644 1.00001217
0.0637479431  1.00007761 1.00001217
0.0645164492  0.99983266 1.00001217
0.0652849515  0.99980166 1.00001217
0.0660534614  0.99990802 1.00001217
0.0668219675  1.00019752 1.00001217
0.0675904694  1.00001833 1.00001217
0.0683589793  0.99982295 1.00001217
0.0691274854  1.00012388 1.00001217
0.0698959915  0.99980591 1.00001217
0.0706644976  1.00007027 1.00001217
0.0714329999  0.99974229 1.00001217
0.0729700155  1.00015626 1.00001217
0.0737385178  1.00028716 1.00001217
0.0745070277  1.00000812 1.00001217
0.0752755338  1.00033852 1.00001217
0.0760440361  0.99990463 1.00001217
0.0768125456  0.99990954 1.00001217
0.0775810517  1.00001153 1.00001217
0.0783495578  1.00025027 1.00001217
0.0791180639  0.99987289 1.00001217
0.0798865700  0.99982918 1.00001217
0.0806550794  0.99993196 1.00001217
0.0814235818  1.00015208 1.00001217
0.0821920879  1.00017652 1.00001217
0.0829605977  0.99980388 1.00001217
0.0837291038  1.00003710 1.00001217
0.0844976058  0.99996085 1.00001217
0.0852661156  1.00021449 1.00001217
0.0860346217  1.00004577 1.00001217
0.0868031241  1.00030285 1.00001217
0.0875716335  0.99983724 1.00001217
0.0883401396  0.99988893 1.00001217
0.0891086420  0.99999441 1.00001217
0.0898771518  0.99983064 1.00001217
0.0914141599  1.00015852 1.00001217
0.0921826697  1.00020158 1.00001217
0.0929511758  1.00020103 1.00001217
0.0937196853  1.00010803 1.00001217
0.0944881876  0.99995790 1.00001217
0.0952566937  0.99981648 1.00001217
0.0960251998  0.99984288 1.00001217
0.0967937056  1.00015221 1.00001217
0.0975622116  0.99998940 1.00001217
0.0983307177  1.00013637 1.00001217
0.0990992235  1.00026106 1.00001217
0.0998677296  0.99978858 1.00001217
0.1006362357  0.99989590 1.00001217
0.1014047417  0.99981647 1.00001217
0.1021732475  1.00025278 1.00001217
0.1029417573  1.00002195 1.00001217
0.1037102597  0.99989859 1.00001217
0.1044787691  0.99990361 1.00001217
0.1052472752  1.00020765 1.00001217
0.1060157776  0.99999786 1.00001217
0.1067842870  1.00004007 1.00001217
0.1075527931  0.99964875 1.00001217
0.1083212955  1.00011142 1.00001217
0.1098583110  1.00009935 1.00001217
0.1106268134  1.00008571 1.00001217
0.1121638290  1.00025899 1.00001217
0.1129323313  0.99993659 1.00001217
0.1137008411  1.00009062 1.00001217
0.1144693469  1.00004644 1.00001217
0.1152378567  1.00059052 1.00001217
0.1160063591  0.99990933 1.00001217
0.1167748648  0.99978703 1.00001217
0.1175433746  0.99976745 1.00001217
0.1198488925  1.00042034 1.00001217
0.1206173983  1.00017255 1.00001217
0.1213859006  1.00004946 1.00001217
0.1221544067  0.99985022 1.00001217
0.1229229124  0.99965356 1.00001217
0.1236914185  0.99968525 1.00001217
0.1244599284  0.99970588 1.00001217
0.1252284303  0.99974375 1.00001217
0.1259969364  1.00005246 1.00001217
0.1267654463  1.00003231 1.00001217
0.1275339482  1.00024257 1.00001217
0.1283024581  1.00002970 1.00001217
0.1290709638  1.00047510 1.00001217
0.1298394661  0.99986474 1.00001217
0.1306079760  0.99997130 1.00001217
0.1313764817  1.00023665 1.00001217
0.1321449840  0.99982242 1.00001217
0.1329134939  1.00021468 1.00001217
0.1336819996  1.00014905 1.00001217
0.1344505057  1.00037734 1.00001217
0.1352190114  0.99979752 1.00001217
0.1359875175  0.99998639 1.00001217
0.1375245293  1.00024565 1.00001217
0.1382930354  1.00011819 1.00001217
0.1390615449  0.99990162 1.00001217
0.1398300472  0.99996451 1.00001217
0.1405985533  0.99989571 1.00001217
0.1413670628  1.00005097 1.00001217
0.1421355689  1.00006322 1.00001217
0.1429040709  1.00000140 1.00001217
0.1436725807  0.99977398 1.00001217
0.1444410868  0.99980507 1.00001217
0.1452095888  1.00001282 1.00001217
0.1467466044  1.00006247 1.00001217
0.1475151067  0.99981384 1.00001217
0.1482836165  0.99990963 1.00001217
0.1490521185  0.99994805 1.00001217
0.1498206284  1.00019657 1.00001217
0.1505891341  0.99988625 1.00001217
0.1513576364  0.99978154 1.00001217
0.1521261463  0.99996399 1.00001217
0.1528946520  1.00000314 1.00001217
0.1536631543  1.00003751 1.00001217
0.1544316638  1.00010256 1.00001217
0.1559686756  1.00033577 1.00001217
0.1567371817  1.00042896 1.00001217
0.1575056878  1.00000251 1.00001217
0.1582741935  1.00002403 1.00001217
0.1590427034  1.00036103 1.00001217
0.1598112053  1.00006155 1.00001217
0.1605797152  1.00000607 1.00001217
0.1613482209  0.99979579 1.00001217
0.1621167232  1.00011543 1.00001217
0.1628852331  0.99996002 1.00001217
0.1636537388  0.99995191 1.00001217
0.1644222411  0.99981945 1.00001217
0.1651907506  1.00013378 1.00001217
0.1659592567  0.99992510 1.00001217
0.1667277587  1.00049859 1.00001217
0.1674962685  1.00002075 1.00001217
0.1682647746  0.99989816 1.00001217
0.1690332766  1.00004602 1.00001217
0.1698017864  0.99999504 1.00001217
0.1705702922  1.00017014 1.00001217
0.1713388020  1.00011424 1.00001217
0.1721073040  0.99994148 1.00001217
0.1728758101  0.99963227 1.00001217
0.1744128219  0.99976254 1.00001217
0.1751813280  0.99995756 1.00001217
0.1759498337  0.99998246 1.00001217
0.1767183398  0.99988333 1.00001217
0.1774868455  0.99987259 1.00001217
0.1782553516  1.00024471 1.00001217
0.1790238573  1.00004470 1.00001217
0.1797923634  1.00006700 1.00001217
0.1805608733  0.99992716 1.00001217
0.1813293752  0.99998261 1.00001217
0.1820978851  1.00005862 1.00001217
0.1836348931  0.99965451 1.00001217
0.1844034026  0.99998142 1.00001217
0.1851719087  0.99994729 1.00001217
0.1859404107  1.00011562 1.00001217
0.1867089205  1.00045999 1.00001217
0.1874774266  0.99996114 1.00001217
0.1882459286  1.00013450 1.00001217
0.1890144384  1.00005642 1.00001217
0.1897829442  0.99989447 1.00001217
0.1905514503  1.00026385 1.00001217
0.1913199560  1.00019732 1.00001217
0.1936254739  0.99987200 1.00001217
0.1943939800  1.00019504 1.00001217
0.1951624895  0.99997274 1.00001217
0.1959309955  0.99975886 1.00001217
0.1966994975  1.00007234 1.00001217
0.1974680074  0.99973241 1.00001217
0.1982365131  0.99998389 1.00001217
0.1990050154  0.99975979 1.00001217
0.1997735253  1.00000411 1.00001217
0.2013105333  1.00005066 1.00001217
0.2020790428  0.99993561 1.00001217
0.2028475489  0.99985639 1.00001217
0.2036160546  1.00007256 1.00001217
0.2043845607  0.99993104 1.00001217
0.2051530630  1.00009499 1.00001217
0.2059215725  1.00000914 1.00001217
0.2066900786  1.00005457 1.00001217
0.2074585806  0.99994491 1.00001217
0.2082270904  1.00009370 1.00001217
0.2089955962  0.99995380 1.00001217
0.2097640985  0.99979019 1.00001217
0.2113011141  1.00018901 1.00001217
0.2120696202  1.00015008 1.00001217
0.2128381259  1.00010042 1.00001217
0.2136066320  0.99993789 1.00001217
0.2143751414  1.00004456 1.00001217
0.2151436438  1.00008602 1.00001217
0.2159121499  1.00024138 1.00001217
0.2166806594  1.00020180 1.00001217
0.2174491655  0.99965016 1.00001217
0.2182176674  0.99980238 1.00001217
0.2189861773  0.99960027 1.00001217
0.2205231853  0.99997120 1.00001217
0.2212916952  1.00029688 1.00001217
0.2220602009  1.00005297 1.00001217
0.2228287107  0.99964451 1.00001217
0.2235972127  1.00034508 1.00001217
0.2243657188  1.00003597 1.00001217
0.2251342287  1.00014499 1.00001217
0.2266712367  0.99983486 1.00001217
0.2274397424  0.99994496 1.00001217
0.2282082485  0.99977890 1.00001217
0.2297452603  1.00006805 1.00001217
0.2305137664  1.00001246 1.00001217
0.2312822722  0.99995682 1.00001217
0.2320507782  1.00009942 1.00001217
0.2328192843  0.99988147 1.00001217
0.2335877938  1.00000424 1.00001217
0.2343562962  0.99991706 1.00001217
0.2351248019  0.99997106 1.00001217
0.2358933117  1.00012137 1.00001217
0.2366618178  1.00018024 1.00001217
0.2374303198  1.00003851 1.00001217
0.2389673354  1.00004542 1.00001217
0.2397358377  1.00022135 1.00001217
0.2405043475  1.00003976 1.00001217
0.2412728533  1.00005179 1.00001217
0.2420413556  1.00004615 1.00001217
0.2428098655  0.99983600 1.00001217
0.2435783712  0.99989473 1.00001217
0.2443468810  0.99968425 1.00001217
0.2451153834  0.99986361 1.00001217
0.2458838891  0.99974063 1.00001217
0.2466523989  0.99997030 1.00001217
0.2481894070  1.00007879 1.00001217
0.2489579168  1.00018861 1.00001217
0.2497264188  1.00015692 1.00001217
0.2504949249  0.99988841 1.00001217
0.2512634348  1.00025402 1.00001217
0.2520319367  1.00011859 1.00001217
0.2528004428  0.99998015 1.00001217
0.2535689489  1.00042295 1.00001217
0.2543374584  0.99993778 1.00001217
0.2551059645  1.00001324 1.00001217
0.2558744668  0.99998846 1.00001217
0.2566429725  0.99979938 1.00001217
0.2574114824  0.99990671 1.00001217
0.2581799885  0.99978503 1.00001217
0.2589484904  0.99991597 1.00001217
0.2597170003  1.00016481 1.00001217
0.2604855064  0.99983733 1.00001217
0.2612540083  1.00045193 1.00001217
0.2620225182  1.00028147 1.00001217
0.2627910243  0.99988634 1.00001217
0.2635595338  1.00011051 1.00001217
0.2643280361  1.00031613 1.00001217
0.2650965422  0.99969721 1.00001217
0.2674020601  1.00007423 1.00001217
0.2681705700  1.00008324 1.00001217
0.2689390719  1.00016124 1.00001217
0.2697075780  0.99990537 1.00001217
0.2704760879  0.99988385 1.00001217
0.2712445898  0.99989127 1.00001217
0.2720130959  0.99974059 1.00001217
0.2727816058  1.00016733 1.00001217
0.2735501119  0.99992321 1.00001217
0.2743186176  0.99980078 1.00001217
0.2758556298  1.00037532 1.00001217
0.2766241359  0.99998232 1.00001217
0.2773926416  0.99992498 1.00001217
0.2781611477  1.00031173 1.00001217
0.2789296576  1.00037747 1.00001217
0.2796981595  1.00031955 1.00001217
0.2804666618  1.00010037 1.00001217
0.2812351717  0.99976628 1.00001217
0.2820036778  1.00022322 1.00001217
0.2827721877  1.00001929 1.00001217
0.2835406896  0.99997427 1.00001217
0.2843091957  1.00004436 1.00001217
0.2850777056  0.99983412 1.00001217
0.2858462079  0.99977964 1.00001217
0.2866147136  1.00006497 1.00001217
0.2873832235  0.99969535 1.00001217
0.2881517258  0.99980818 1.00001217
0.2889202319  1.00003940 1.00001217
0.2896887414  1.00018308 1.00001217
0.2904572437  0.99998956 1.00001217
0.2912257498  0.99998788 1.00001217
0.2919942597  0.99999747 1.00001217
0.2927627658  1.00026125 1.00001217
0.2942997776  1.00022621 1.00001217
0.2950682837  1.00000291 1.00001217
0.2958367898  1.00015875 1.00001217
0.2966052959  0.99986575 1.00001217
0.2973738019  0.99992456 1.00001217
0.2981423114  1.00009740 1.00001217
0.2989108138  1.00001016 1.00001217
0.2996793199  0.99995712 1.00001217
0.3004478297  1.00011097 1.00001217
0.3012163320  1.00007806 1.00001217
0.3019848419  0.99992897 1.00001217
0.3035218500  0.99999838 1.00001217
0.3042903598  0.99990128 1.00001217
0.3050588621  1.00027653 1.00001217
0.3058273682  1.00052807 1.00001217
0.3065958781  1.00011080 1.00001217
0.3073643842  1.00026822 1.00001217
0.3081328865  0.99979729 1.00001217
0.3089013960  1.00030321 1.00001217
0.3096698983  0.99968661 1.00001217
0.3104384044  1.00016034 1.00001217
0.3112069143  0.99998823 1.00001217
0.3127439265  1.00007300 1.00001217
0.3135124326  0.99987758 1.00001217
0.3142809387  0.99987330 1.00001217
0.3150494448  1.00006324 1.00001217
0.3158179509  0.99984237 1.00001217
0.3165864566  1.00004427 1.00001217
0.3173549627  1.00004475 1.00001217
0.3181234688  0.99983346 1.00001217
0.3188919749  1.00000282 1.00001217
0.3196604847  0.99993163 1.00001217
0.3204289871  0.99984755 1.00001217
0.3219660030  0.99976217 1.00001217
0.3227345053  1.00002146 1.00001217
0.3235030152  1.00006328 1.00001217
0.3242715213  0.99995709 1.00001217
0.3250400236  0.99984488 1.00001217
0.3258085335  1.00030913 1.00001217
0.3265770396  1.00014674 1.00001217
0.3273455419  1.00007068 1.00001217
0.3281140518  1.00002558 1.00001217
0.3288825579  1.00015018 1.00001217
0.3296510677  1.00006222 1.00001217
0.3311880761  0.99996267 1.00001217
0.3319565822  1.00010329 1.00001217
0.3327250883  0.99986781 1.00001217
0.3334935944  1.00011076 1.00001217
0.3342621005  1.00041945 1.00001217
0.3350306066  0.99996971 1.00001217
0.3357991127  0.99990165 1.00001217
0.3365676188  0.99972237 1.00001217
0.3373361249  1.00005083 1.00001217
0.3381046348  0.99973871 1.00001217
0.3388731408  1.00016308 1.00001217
0.3404101530  0.99976633 1.00001217
0.3411786591  0.99994429 1.00001217
0.3419471615  0.99961596 1.00001217
0.3427156713  0.99972061 1.00001217
0.3434841778  0.99986052 1.00001217
0.3442526801  1.00047849 1.00001217
0.3450211900  1.00002637 1.00001217
0.3457896961  1.00002538 1.00001217
0.3465581984  1.00023657 1.00001217
0.3473267083  1.00013694 1.00001217
0.3480952144  1.00002468 1.00001217
0.3496322266  0.99990272 1.00001217
0.3504007330  1.00015924 1.00001217
0.3511692429  1.00000290 1.00001217
0.3519377452  1.00021044 1.00001217
0.3527062513  1.00006456 1.00001217
0.3534747612  1.00010146 1.00001217
0.3542432635  0.99986792 1.00001217
0.3550117696  0.99988363 1.00001217
0.3557802798  0.99978755 1.00001217
0.3565487859  1.00003013 1.00001217
0.3573172920  1.00030849 1.00001217
0.3588543042  1.00013649 1.00001217
0.3596228107  0.99989156 1.00001217
0.3603913168  0.99992988 1.00001217
0.3611598191  0.99981196 1.00001217
0.3619283290  0.99979730 1.00001217
0.3626968351  1.00009759 1.00001217
0.3634653378  1.00000873 1.00001217
0.3642338476  0.99981528 1.00001217
0.3650023537  0.99986335 1.00001217
0.3657708636  1.00003149 1.00001217
0.3665393663  0.99999592 1.00001217
0.3680763822  0.99996349 1.00001217
0.3688448846  0.99985669 1.00001217
0.3696133910  1.00007323 1.00001217
0.3703819009  1.00014321 1.00001217
0.3711504032  0.99988943 1.00001217
0.3719189097  1.00019566 1.00001217
0.3726874196  1.00020371 1.00001217
0.3734559219  1.00004463 1.00001217
0.3742244317  1.00005451 1.00001217
0.3749929382  1.00040330 1.00001217
0.3757614443  0.99992868 1.00001217
0.3772984569  0.99980096 1.00001217
0.3780669630  0.99999363 1.00001217
0.3788354691  0.99976705 1.00001217
0.3796039755  0.99988791 1.00001217
0.3803724816  0.99991450 1.00001217
0.3811409919  1.00003636 1.00001217
0.3819094942  0.99986370 1.00001217
0.3826780041  1.00005494 1.00001217
0.3834465105  1.00007696 1.00001217
0.3842150129  1.00002736 1.00001217
0.3849835227  1.00019327 1.00001217
0.3865205315  0.99992052 1.00001217
0.3876162041  1.00044068 1.00001217
0.3880575441  1.00025154 1.00001217
0.3883847316  0.99999637 1.00001217
0.3888260506  0.99982937 1.00001217
0.3891532629  0.99993128 1.00001217
0.3895945604  0.99951222 1.00001217
0.3899217946  1.00000480 1.00001217
0.3903630627  0.99981726 1.00001217
0.3906903259  0.99961458 1.00001217
0.3911315730  0.99979301 1.00001217
0.3914588610  0.99938795 1.00001217
0.3919000791  1.00008208 1.00001217
0.3922273881  0.99971484 1.00001217
0.3926685818  1.00045638 1.00001217
0.3929959194  0.99964561 1.00001217
0.3934370916  0.99992752 1.00001217
0.3942055981  0.99995590 1.00001217
0.3949741042  0.99992806 1.00001217
0.3957426107  1.00016906 1.00001217
0.3965111168  1.00027877 1.00001217
0.3972796232  1.00009838 1.00001217
0.3980481293  1.00007277 1.00001217
0.3983756415  1.00054457 1.00001217
0.3988166358  0.99988489 1.00001217
0.3991441724  1.00004151 1.00001217
0.3995851419  1.00002641 1.00001217
0.3999126996  1.00010651 1.00001217
0.4003536521  0.99989888 1.00001217
0.4006812346  0.99943914 1.00001217
0.4011221545  1.00001545 1.00001217
0.4014497655  0.99967337 1.00001217
0.4018906647  1.00035168 1.00001217
0.4026591708  0.99991939 1.00001217
0.4034276735  0.99970560 1.00001217
0.4037553583  0.99973373 1.00001217
0.4045238855  0.99972952 1.00001217
0.4049646898  1.00017243 1.00001217
0.4052924201  1.00020880 1.00001217
0.4057331925  0.99986650 1.00001217
0.4060609511  1.00043283 1.00001217
0.4065017024  0.99995850 1.00001217
0.4068294782  1.00010098 1.00001217
0.4072702089  0.99981564 1.00001217
0.4080387112  1.00015280 1.00001217
0.4083665438  1.00038935 1.00001217
0.4088072214  1.00003840 1.00001217
0.4091350781  1.00039831 1.00001217
0.4095757279  1.00031948 1.00001217
0.4099036053  1.00029429 1.00001217
0.4103442340  0.99994020 1.00001217
0.4106721362  1.00021307 1.00001217
0.4111127405  1.00015893 1.00001217
0.4114406705  0.99998871 1.00001217
0.4118812469  1.00012298 1.00001217
0.4122091977  0.99992930 1.00001217
0.4126497530  0.99946728 1.00001217
0.4129777282  0.99971674 1.00001217
0.4137462625  0.99951560 1.00001217
0.4141867660  0.99977382 1.00001217
0.4145147934  0.99972399 1.00001217
0.4149552721  1.00010639 1.00001217
0.4152833202  1.00011715 1.00001217
0.4157237785  0.99998124 1.00001217
0.4160518545  0.99951486 1.00001217
0.4164922850  0.99991492 1.00001217
0.4168203851  0.99950782 1.00001217
0.4172607911  0.99980708 1.00001217
0.4175889122  0.99953541 1.00001217
0.4180292976  1.00012238 1.00001217
0.4183574465  0.99993148 1.00001217
0.4187978078  1.00000077 1.00001217
0.4191259733  1.00031139 1.00001217
0.4195663139  1.00001533 1.00001217
0.4198945035  1.00031911 1.00001217
0.4203348166  0.99987245 1.00001217
0.4211033269  1.00024877 1.00001217
0.4218718333  1.00016538 1.00001217
0.4222000951  1.00042107 1.00001217
0.4226403357  1.00019110 1.00001217
0.4229686294  1.00043085 1.00001217
0.4234088459  1.00017199 1.00001217
0.4237371558  1.00017148 1.00001217
0.4241773524  0.99990183 1.00001217
0.4245056864  0.99998532 1.00001217
0.4249458551  0.99993129 1.00001217
0.4252742203  1.00002895 1.00001217
0.4257143649  0.99978873 1.00001217
0.4260427471  0.99998299 1.00001217
0.4264828714  0.99986206 1.00001217
0.4268112773  0.99996855 1.00001217
0.4272513816  0.99983578 1.00001217
0.4275798116  0.99988482 1.00001217
0.4280198843  1.00006456 1.00001217
0.4283483417  0.99994663 1.00001217
0.4287883904  1.00032612 1.00001217
0.4291168719  0.99995080 1.00001217
0.4295569007  1.00000817 1.00001217
0.4298854024  0.99979825 1.00001217
0.4303254034  0.99991741 1.00001217
0.4310939098  0.99980436 1.00001217
0.4314224628  1.00016756 1.00001217
0.4321909929  1.00002309 1.00001217
0.4326309228  1.00014958 1.00001217
0.4329595231  0.99984111 1.00001217
0.4333994289  1.00044409 1.00001217
0.4337280570  0.99986725 1.00001217
0.4341679391  1.00001887 1.00001217
0.4344965834  0.99998759 1.00001217
0.4349364418  1.00004725 1.00001217
0.4352651136  1.00025180 1.00001217
0.4357049521  1.00004448 1.00001217
0.4360336472  1.00024943 1.00001217
0.4364734585  0.99996104 1.00001217
0.4368021736  1.00009342 1.00001217
0.4372419612  1.00002548 1.00001217
0.4375707037  1.00028768 1.00001217
0.4380104715  1.00000011 1.00001217
0.4383392373  0.99975765 1.00001217
0.4387789742  0.99992477 1.00001217
0.4391077637  0.99999419 1.00001217
0.4395474806  0.99965993 1.00001217
0.4398762939  0.99998049 1.00001217
0.4403159905  0.99985138 1.00001217
0.4406448274  1.00005960 1.00001217
0.4414133534  1.00008651 1.00001217
0.4418529997  0.99999391 1.00001217
0.4421818836  0.99990211 1.00001217
0.4426215099  0.99976341 1.00001217
0.4429504134  0.99996066 1.00001217
0.4433900164  1.00029173 1.00001217
0.4437189432  0.99993843 1.00001217
0.4441585266  1.00006710 1.00001217
0.4444874734  0.99990896 1.00001217
0.4449270293  1.00002142 1.00001217
0.4452560032  0.99999709 1.00001217
0.4456955358  0.99997212 1.00001217
0.4460245329  1.00018828 1.00001217
0.4464640460  1.00006350 1.00001217
0.4467930627  0.99975213 1.00001217
0.4472325487  0.99983110 1.00001217
0.4475615963  1.00014758 1.00001217
0.4480010552  0.99999948 1.00001217
0.4483301223  0.99985217 1.00001217
0.4487695654  0.99993271 1.00001217
0.4495380682  0.99985324 1.00001217
0.4498671853  0.99995929 1.00001217
0.4506357113  1.00012661 1.00001217
0.4510750849  1.00018082 1.00001217
0.4514042411  0.99982822 1.00001217
0.4518435876  1.00001642 1.00001217
0.4521727743  0.99990338 1.00001217
0.4526120978  1.00011684 1.00001217
0.4529413003  1.00012696 1.00001217
0.4533806043  0.99978284 1.00001217
0.4537098301  0.99983427 1.00001217
0.4541491074  1.00000323 1.00001217
0.4544783633  1.00017524 1.00001217
0.4549176176  0.99994701 1.00001217
0.4552468893  1.00003462 1.00001217
0.4556861241  1.00007713 1.00001217
0.4560154187  1.00018689 1.00001217
0.4564546268  0.99996598 1.00001217
0.4567839519  1.00001862 1.00001217
0.4572231370  0.99999756 1.00001217
0.4575524776  1.00019838 1.00001217
0.4579916435  1.00005997 1.00001217
0.4587601499  1.00011084 1.00001217
0.4590895405  0.99964746 1.00001217
0.4598580699  0.99996885 1.00001217
0.4602971629  1.00021848 1.00001217
0.4606265994  1.00016551 1.00001217
0.4610656697  1.00016673 1.00001217
0.4613951288  1.00005831 1.00001217
0.4618341762  1.00013085 1.00001217
0.4621636582  0.99988874 1.00001217
0.4626026827  0.99964766 1.00001217
0.4629321876  0.99995834 1.00001217
0.4633711891  1.00001531 1.00001217
0.4637007170  1.00015589 1.00001217
0.4641396956  0.99974555 1.00001217
0.4644692464  1.00019880 1.00001217
0.4649082021  0.99979384 1.00001217
0.4652377792  0.99972974 1.00001217
0.4656767127  1.00007163 1.00001217
0.4660063049  0.99982830 1.00001217
0.4664452154  0.99999466 1.00001217
0.4667748343  0.99987691 1.00001217
0.4672137219  1.00035224 1.00001217
0.4675433671  0.99986811 1.00001217
0.4679822321  1.00035281 1.00001217
0.4683118928  1.00003745 1.00001217
0.4690804218  0.99988498 1.00001217
0.4695192454  1.00001680 1.00001217
0.4698489550  1.00007814 1.00001217
0.4702877519  1.00000295 1.00001217
0.4706174803  0.99963483 1.00001217
0.4710562546  0.99986742 1.00001217
0.4713860093  0.99996202 1.00001217
0.4718247652  0.99979031 1.00001217
0.4721545387  1.00010808 1.00001217
0.4725932717  1.00007523 1.00001217
0.4729230677  1.00008829 1.00001217
0.4733617744  0.99999296 1.00001217
0.4736915968  1.00059253 1.00001217
0.4741302850  0.99997332 1.00001217
0.4744601258  1.00061413 1.00001217
0.4748987915  0.99966882 1.00001217
0.4752286549  1.00012247 1.00001217
0.4756672979  1.00044063 1.00001217
0.4759971839  1.00042420 1.00001217
0.4764358044  0.99991342 1.00001217
0.4772043113  1.00024119 1.00001217
0.4775342420  1.00012573 1.00001217
0.4783027710  0.99991208 1.00001217
0.4787413246  1.00009936 1.00001217
0.4790713038  1.00021630 1.00001217
0.4795098311  0.99968618 1.00001217
0.4798398287  0.99983741 1.00001217
0.4802783413  1.00001970 1.00001217
0.4806083578  1.00018370 1.00001217
0.4810468481  1.00019190 1.00001217
0.4813768902  0.99983805 1.00001217
0.4818153508  1.00004921 1.00001217
0.4821454155  0.99977784 1.00001217
0.4825838611  1.00016916 1.00001217
0.4829139445  0.99978610 1.00001217
0.4833523679  0.99997111 1.00001217
0.4836824769  1.00000087 1.00001217
0.4841208706  0.99993066 1.00001217
0.4844510018  1.00028366 1.00001217
0.4848893812  0.99968773 1.00001217
0.4852195309  1.00015212 1.00001217
0.4856578877  1.00014246 1.00001217
0.4864263946  0.99982408 1.00001217
0.4867565882  0.99960944 1.00001217
0.4875251172  1.00024261 1.00001217
0.4882936497  0.99998645 1.00001217
0.4890621746  0.99992488 1.00001217
0.4895004212  1.00006224 1.00001217
0.4898307032  1.00039879 1.00001217
0.4902689239  0.99999780 1.00001217
0.4905992356  1.00013143 1.00001217
0.4910374345  1.00000255 1.00001217
0.4913677643  1.00025628 1.00001217
0.4918059410  1.00015206 1.00001217
0.4921362892  0.99986605 1.00001217
0.4925744441  1.00027784 1.00001217
0.4929048213  1.00004814 1.00001217
0.4933429543  0.99994334 1.00001217
0.4936733499  1.00000463 1.00001217
0.4941114612  0.99993428 1.00001217
0.4944418786  0.99995800 1.00001217
0.4948799714  0.99983058 1.00001217
0.4956484745  0.99997579 1.00001217
0.4959789355  0.99974713 1.00001217
0.4964169813  0.99995480 1.00001217
0.4967474680  1.00003960 1.00001217
0.4971854915  1.00000414 1.00001217
0.4975159925  1.00001716 1.00001217
0.4979539946  1.00013275 1.00001217
0.4982845212  1.00000492 1.00001217
0.4987225011  1.00020650 1.00001217
0.4990530494  0.99989579 1.00001217
0.4994910117  0.99981508 1.00001217
0.4998215777  0.99986555 1.00001217
0.5012004037  1.00014054 1.00001217
0.5019689094  1.00005713 1.00001217
0.5027374230  1.00000393 1.00001217
0.5035059325  1.00024547 1.00001217
0.5042744386  0.99971664 1.00001217
0.5050429518  1.00000106 1.00001217
0.5058114617  0.99994751 1.00001217
0.5065799712  1.00030958 1.00001217
0.5073484810  0.99968929 1.00001217
0.5104225193  1.00017597 1.00001217
0.5111910325  1.00001850 1.00001217
0.5119595424  0.99987219 1.00001217
0.5127280481  0.99961749 1.00001217
0.5134965614  1.00010590 1.00001217
0.5142650708  0.99973887 1.00001217
0.5150335766  0.99973014 1.00001217
0.5158020902  0.99970444 1.00001217
0.5165705997  0.99972613 1.00001217
0.5173391054  1.00008502 1.00001217
0.5196446338  1.00003211 1.00001217
0.5204131471  1.00025332 1.00001217
0.5211816528  1.00014046 1.00001217
0.5219501623  1.00024641 1.00001217
0.5227186755  1.00010432 1.00001217
0.5234871812  0.99995902 1.00001217
0.5242556907  0.99995083 1.00001217
0.5250242039  1.00040089 1.00001217
0.5257927134  1.00007838 1.00001217
0.5265612191  1.00002449 1.00001217
0.5273297320  1.00020222 1.00001217
0.5288667472  1.00012930 1.00001217
0.5296352604  0.99985261 1.00001217
0.5304037699  0.99966309 1.00001217
0.5311722828  0.99974176 1.00001217
0.5319407885  0.99981427 1.00001217
0.5327092980  0.99972824 1.00001217
0.5334778109  0.99972932 1.00001217
0.5342463166  0.99973773 1.00001217
0.5350148261  0.99999019 1.00001217
0.5357833389  0.99999916 1.00001217
0.5365518446  0.99997364 1.00001217
0.5373203537  1.00028778 1.00001217
0.5380888670  0.99999856 1.00001217
0.5388573723  0.99993070 1.00001217
0.5396258818  1.00014834 1.00001217
0.5403943947  0.99989064 1.00001217
0.5411629004  1.00000353 1.00001217
0.5419314095  0.99984458 1.00001217
0.5426999227  1.00044448 1.00001217
0.5434684318  1.00002510 1.00001217
0.5442369372  0.99985408 1.00001217
0.5450054504  1.00024008 1.00001217
0.5457739595  0.99993726 1.00001217
0.5473109781  1.00006409 1.00001217
0.5480794872  1.00019306 1.00001217
0.5488479926  1.00001215 1.00001217
0.5496165054  0.99990941 1.00001217
0.5503850108  1.00004987 1.00001217
0.5511535240  1.00022417 1.00001217
0.5519220331  1.00008459 1.00001217
0.5526905385  1.00005412 1.00001217
0.5534590513  1.00026040 1.00001217
0.5542275604  1.00000857 1.00001217
0.5549960658  0.99971011 1.00001217
0.5557645786  0.99993604 1.00001217
0.5565330877  1.00028144 1.00001217
0.5573015968  0.99980759 1.00001217
0.5580701059  0.99966461 1.00001217
0.5588386150  1.00000345 1.00001217
0.5596071242  0.99998899 1.00001217
0.5603756333  1.00042754 1.00001217
0.5611441424  1.00005421 1.00001217
0.5619126515  0.99995993 1.00001217
0.5626811643  1.00037448 1.00001217
0.5634496697  1.00000778 1.00001217
0.5642181784  0.99979525 1.00001217
0.5649866913  1.00021531 1.00001217
0.5657551966  1.00019063 1.00001217
0.5665237057  0.99991721 1.00001217
0.5672922182  0.99994649 1.00001217
0.5680607235  0.99992256 1.00001217
0.5688292326  1.00005749 1.00001217
0.5695977455  0.99983712 1.00001217
0.5703662505  0.99983027 1.00001217
0.5711347596  0.99982943 1.00001217
0.5719032721  0.99973568 1.00001217
0.5726717774  1.00013419 1.00001217
0.5734402903  0.99995244 1.00001217
0.5742087990  1.00017373 1.00001217
0.5749773081  0.99996612 1.00001217
0.5757458168  1.00008162 1.00001217
0.5765143259  0.99987753 1.00001217
0.5772828309  1.00004716 1.00001217
0.5780513438  1.00018834 1.00001217
0.5788198525  1.00006382 1.00001217
0.5795883578  1.00007504 1.00001217
0.5803568703  0.99996118 1.00001217
0.5811253791  0.99998429 1.00001217
0.5818938844  1.00002726 1.00001217
0.5826623969  1.00000464 1.00001217
0.5841994110  1.00000322 1.00001217
0.5849679235  0.99987920 1.00001217
0.5857364322  0.99973234 1.00001217
0.5865049371  1.00031953 1.00001217
0.5880419587  1.00028087 1.00001217
0.5888104675  0.99986298 1.00001217
0.5895789762  0.99993969 1.00001217
0.5903474849  0.99981583 1.00001217
0.5911159937  1.00018094 1.00001217
0.5918845028  1.00012144 1.00001217
0.5926530115  1.00012895 1.00001217
0.5934215240  0.99969562 1.00001217
0.5941900327  1.00004904 1.00001217
0.5949585377  1.00021455 1.00001217
0.5957270502  1.00012197 1.00001217
0.5964955589  1.00010639 1.00001217
0.5972640639  0.99999197 1.00001217
0.5980325763  0.99972653 1.00001217
0.5988010851  0.99999118 1.00001217
0.5995695897  1.00013411 1.00001217
0.6003381021  0.99991691 1.00001217
0.6011066109  0.99993344 1.00001217
0.6026436283  0.99960547 1.00001217
0.6034121371  1.00002087 1.00001217
0.6041806416  0.99987891 1.00001217
0.6049491541  1.00015822 1.00001217
0.6057176591  0.99998014 1.00001217
0.6064861678  0.99992533 1.00001217
0.6072546799  0.99992859 1.00001217
0.6080231887  0.99961018 1.00001217
0.6087916936  1.00003063 1.00001217
0.6095602058  1.00008871 1.00001217
0.6103287145  0.99991323 1.00001217
0.6110972232  0.99992166 1.00001217
0.6118657316  1.00011518 1.00001217
0.6126342403  1.00003885 1.00001217
0.6134027528  1.00020665 1.00001217
0.6141712574  1.00049592 1.00001217
0.6149397661  0.99997160 1.00001217
0.6157082782  1.00002598 1.00001217
0.6164767832  0.99980354 1.00001217
0.6172452915  1.00007870 1.00001217
0.6180138036  1.00016789 1.00001217
0.6187823086  0.99974344 1.00001217
0.6195508170  1.00028546 1.00001217
0.6210878340  0.99976093 1.00001217
0.6218563424  1.00000343 1.00001217
0.6226248549  1.00011175 1.00001217
0.6233933595  1.00010507 1.00001217
0.6241618678  1.00015829 1.00001217
0.6249303803  1.00000267 1.00001217
0.6256988887  0.99999777 1.00001217
0.6264673933  0.99999437 1.00001217
0.6272359054  0.99965864 1.00001217
0.6280044141  1.00004728 1.00001217
0.6287729187  0.99984617 1.00001217
0.6303099391  0.99981946 1.00001217
0.6310784513  0.99961836 1.00001217
0.6318469558  1.00003914 1.00001217
0.6326154642  1.00009618 1.00001217
0.6333839729  0.99983889 1.00001217
0.6341524813  0.99994727 1.00001217
0.6349209859  1.00005303 1.00001217
0.6356894980  1.00006014 1.00001217
0.6364580063  1.00009080 1.00001217
0.6372265109  0.99994985 1.00001217
0.6379950230  1.00010315 1.00001217
0.6387635314  1.00002208 1.00001217
0.6395320397  0.99973195 1.00001217
0.6403005477  1.00018151 1.00001217
0.6410690561  0.99999357 1.00001217
0.6418375644  0.99999479 1.00001217
0.6426060728  0.99989960 1.00001217
0.6433745811  1.00017135 1.00001217
0.6441430895  0.99963997 1.00001217
0.6449116016  0.99978336 1.00001217
0.6456801058  1.00026479 1.00001217
0.6464486142  1.00011624 1.00001217
0.6472171263  0.99998602 1.00001217
0.6479856309  0.99982427 1.00001217
0.6487541388  0.99994953 1.00001217
0.6495226509  1.00042254 1.00001217
0.6502911555  1.00042587 1.00001217
0.6510596673  1.00014863 1.00001217
0.6518281756  0.99996426 1.00001217
0.6525966802  1.00002009 1.00001217
0.6533651920  1.00002735 1.00001217
0.6541337003  0.99999816 1.00001217
0.6549022049  1.00010689 1.00001217
0.6556707166  0.99988393 1.00001217
0.6564392250  0.99968848 1.00001217
0.6579762413  0.99994813 1.00001217
0.6587447493  0.99997069 1.00001217
0.6595132576  1.00018034 1.00001217
0.6602817656  1.00020667 1.00001217
0.6610502740  1.00024714 1.00001217
0.6618187782  0.99985021 1.00001217
0.6625872899  0.99977393 1.00001217
0.6633557983  0.99996786 1.00001217
0.6641243025  1.00006835 1.00001217
0.6648928142  1.00002770 1.00001217
0.6656613226  0.99994411 1.00001217
0.6664298268  0.99979244 1.00001217
0.6671983385  0.99987694 1.00001217
0.6679668469  0.99998724 1.00001217
0.6687353586  1.00006772 1.00001217
0.6695038628  1.00004486 1.00001217
0.6702723708  0.99989988 1.00001217
0.6710408829  0.99995198 1.00001217
0.6718093871  0.99980896 1.00001217
0.6725778951  1.00011327 1.00001217
0.6733464068  1.00018349 1.00001217
0.6741149111  1.00000419 1.00001217
0.6748834194  1.00003180 1.00001217
0.6764204391  1.00032322 1.00001217
0.6771889433  0.99995645 1.00001217
0.6779574551  1.00001153 1.00001217
0.6787259630  0.99991211 1.00001217
0.6794944673  0.99985163 1.00001217
0.6802629790  1.00004512 1.00001217
0.6810314870  1.00033832 1.00001217
0.6817999912  1.00034673 1.00001217
0.6825685029  0.99982633 1.00001217
0.6833370109  0.99976628 1.00001217
0.6841055151  1.00021591 1.00001217
0.6848740268  1.00017076 1.00001217
0.6856425348  1.00006705 1.00001217
0.6864110390  1.00031714 1.00001217
0.6871795504  1.00029370 1.00001217
0.6879480584  1.00004316 1.00001217
0.6887165663  0.99992290 1.00001217
0.6894850743  1.00007658 1.00001217
0.6902535823  1.00004151 1.00001217
0.6910220899  0.99997217 1.00001217
0.6917905979  1.00012358 1.00001217
0.6925591059  0.99998763 1.00001217
0.6933276138  0.99996299 1.00001217
0.6948646294  0.99960522 1.00001217
0.6956331374  0.99996599 1.00001217
0.6964016454  0.99997313 1.00001217
0.6971701530  0.99999540 1.00001217
0.6979386647  1.00030034 1.00001217
0.6987071685  1.00002477 1.00001217
0.6994756765  0.99966409 1.00001217
0.7002441882  1.00012867 1.00001217
0.7010126921  0.99994432 1.00001217
0.7017812001  0.99995081 1.00001217
0.7025497114  1.00000858 1.00001217
0.7033182156  0.99990865 1.00001217
0.7040867232  1.00030793 1.00001217
0.7048552350  0.99983508 1.00001217
0.7056237388  1.00028387 1.00001217
0.7063922505  0.99983302 1.00001217
0.7071607581  0.99981850 1.00001217
0.7079292661  1.00033072 1.00001217
0.7086977737  1.00042541 1.00001217
0.7094662817  0.99990288 1.00001217
0.7102347893  1.00001009 1.00001217
0.7110032969  0.99989705 1.00001217
0.7117718049  1.00047328 1.00001217
0.7125403125  1.00009879 1.00001217
0.7133088201  0.99997743 1.00001217
0.7140773280  1.00004376 1.00001217
0.7148458356  0.99976967 1.00001217
0.7156143432  1.00035340 1.00001217
0.7163828508  0.99992816 1.00001217
0.7171513588  1.00027409 1.00001217
0.7179198664  0.99989577 1.00001217
0.7186883740  0.99993965 1.00001217
0.7194568778  0.99978227 1.00001217
0.7202253896  0.99999822 1.00001217
0.7209938972  1.00042038 1.00001217
0.7217624048  1.00002045 1.00001217
0.7225309124  1.00009563 1.00001217
0.7232994200  1.00004167 1.00001217
0.7240679313  0.99983354 1.00001217
0.7256049428  0.99985988 1.00001217
0.7263734541  1.00003281 1.00001217
0.7271419584  0.99985310 1.00001217
0.7279104660  0.99992715 1.00001217
0.7286789773  1.00006197 1.00001217
0.7294474849  0.99990836 1.00001217
0.7302159888  0.99998596 1.00001217
0.7317530073  1.00013932 1.00001217
0.7325215112  0.99997377 1.00001217
0.7332900225  1.00000402 1.00001217
0.7340585301  1.00011271 1.00001217
0.7348270340  0.99998177 1.00001217
0.7355955453  1.00021307 1.00001217
0.7363640529  0.99992448 1.00001217
0.7371325568  0.99993995 1.00001217
0.7379010681  0.99998338 1.00001217
0.7386695754  1.00017353 1.00001217
0.7394380830  1.00020140 1.00001217
0.7402065906  0.99994137 1.00001217
0.7409750982  0.99996478 1.00001217
0.7417436058  1.00020855 1.00001217
0.7425121130  1.00005712 1.00001217
0.7432806206  0.99989910 1.00001217
0.7440491282  1.00035940 1.00001217
0.7448176354  1.00005483 1.00001217
0.7455861430  0.99970144 1.00001217
0.7463546506  0.99994655 1.00001217
0.7471231582  1.00006694 1.00001217
0.7478916654  1.00028961 1.00001217
0.7486601768  0.99979423 1.00001217
