-0.2499754928 0.99997493
-0.2496391460 1.00012455
-0.2492069807 1.00009284
-0.2488706199 1.00042471
-0.2484384761 1.00000773
-0.2481021014 1.00010345
-0.2476699678 0.99999472
-0.2473335792 1.00039539
-0.2469014553 0.99977387
-0.2465650531 0.99998502
-0.2461329507 0.99988090
-0.2457965309 1.00010897
-0.2450280124 1.00004515
-0.2445959302 1.00025676
-0.2442594863 1.00008354
-0.2438274215 1.00023533
-0.2434909641 1.00002337
-0.2430589132 1.00009487
-0.2427224456 0.99997000
-0.2422904048 1.00028145
-0.2419539195 0.99988144
-0.2415218961 1.00006865
-0.2411853973 0.99996465
-0.2407533877 0.99987867
-0.2404168788 0.99992320
-0.2399848794 0.99989382
-0.2396483531 0.99980062
-0.2392163706 0.99996607
-0.2388798346 1.00005391
-0.2384478585 0.99969802
-0.2381113127 1.00006489
-0.2376793536 1.00038777
-0.2373427867 0.99984534
-0.2369108414 1.00006093
-0.2365742682 0.99989355
-0.2358057463 0.99984450
-0.2353738281 0.99988401
-0.2350372206 1.00000331
-0.2346053156 1.00021754
-0.2342687021 1.00011561
-0.2338368073 1.00013656
-0.2335001802 1.00016518
-0.2330683023 1.00004567
-0.2327316546 0.99991826
-0.2322997902 1.00043917
-0.2319631323 0.99948707
-0.2315312815 0.99977309
-0.2311946104 0.99996586
-0.2307627769 0.99967572
-0.2304260885 1.00010220
-0.2299942644 1.00013584
-0.2296575666 1.00031966
-0.2292257594 0.99986487
-0.2288890410 1.00014832
-0.2284572473 0.99999826
-0.2276887386 1.00003947
-0.2273520009 1.00005050
-0.2265834753 1.00011263
-0.2261517215 1.00028282
-0.2258149572 0.99988975
-0.2253832128 0.99976105
-0.2250464353 0.99995476
-0.2246147041 0.99995399
-0.2242779100 0.99998800
-0.2238461953 1.00000903
-0.2235093918 1.00019643
-0.2230776870 0.99993648
-0.2227408700 1.00028442
-0.2219723447 0.99993750
-0.2215406695 0.99971334
-0.2212038265 1.00003355
-0.2207721608 1.00015053
-0.2204353047 0.99993649
-0.2200036483 0.99994901
-0.2196667794 0.99991189
-0.2192351396 0.99987092
-0.2188982612 0.99991159
-0.2184666350 1.00000361
-0.2181297397 1.00022049
-0.2173612145 0.99989893
-0.2169296138 0.99967674
-0.2165926963 1.00020161
-0.2161611088 1.00014539
-0.2158241748 1.00008761
-0.2153925963 1.00022278
-0.2150556495 0.99998409
-0.2146240876 1.00013521
-0.2142871280 1.00038105
-0.2138555826 1.00006011
-0.2135186099 0.99996300
-0.2130870701 1.00002082
-0.2127500846 0.99976638
-0.2123185614 0.99988722
-0.2119815668 0.99985036
-0.2115500489 0.99972027
-0.2112130453 1.00006780
-0.2107815440 0.99970889
-0.2104445201 0.99989169
-0.2100130348 1.00013109
-0.2092445224 1.00018799
-0.2089074812 1.00000010
-0.2084760174 1.00002538
-0.2081389559 1.00000124
-0.2077075087 0.99982824
-0.2073704381 1.00000016
-0.2069389962 1.00014721
-0.2066019166 0.99976245
-0.2061704912 0.99988713
-0.2058333913 1.00035042
-0.2054019821 0.99983600
-0.2050648740 0.99984467
-0.2046334696 1.00001571
-0.2042963524 1.00041008
-0.2038649646 1.00012841
-0.2035278275 1.00012387
-0.2030964522 1.00001439
-0.2027593098 0.99971328
-0.2023279468 0.99985913
-0.2019907886 1.00042429
-0.2015594381 0.99988511
-0.2012222634 1.00000099
-0.2007909256 1.00002604
-0.2000224165 1.00018136
-0.1996852245 1.00028319
-0.1989166996 0.99996230
-0.1984853990 1.00006412
-0.1981481784 0.99991219
-0.1977168899 1.00018383
-0.1973796610 0.99997853
-0.1969483812 1.00003180
-0.1966111361 1.00022726
-0.1961798721 1.00027918
-0.1958426146 0.99999332
-0.1954113634 0.99980210
-0.1950740972 0.99990705
-0.1946428505 1.00015183
-0.1943055723 1.00009045
-0.1938743455 0.99999324
-0.1935370512 1.00005771
-0.1931058364 1.00034027
-0.1927685338 1.00000781
-0.1923373240 1.00007682
-0.1920000089 0.99992258
-0.1915688186 0.99989606
-0.1912314882 0.99979702
-0.1908003099 0.99996836
-0.1904629670 1.00019569
-0.1892632920 1.00002093
-0.1884947792 0.99980171
-0.1877262701 1.00049179
-0.1873888828 0.99999025
-0.1869577651 0.99994167
-0.1866203617 0.99989133
-0.1861892522 0.99996469
-0.1858518409 0.99992311
-0.1854207431 0.99999680
-0.1850833198 0.99993864
-0.1846522378 1.00001913
-0.1843147990 0.99990178
-0.1838837253 0.99998052
-0.1835462779 1.00011198
-0.1831152162 1.00014054
-0.1827777571 1.00048107
-0.1823467071 1.00033328
-0.1820092364 1.00032008
-0.1815781980 0.99975549
-0.1812407115 1.00015774
-0.1800411764 1.00002616
-0.1797036737 1.00009911
-0.1792726711 0.99991528
-0.1789351492 1.00012376
-0.1785041620 1.00010316
-0.1781666322 0.99988179
-0.1777356529 1.00017461
-0.1773981114 1.00013340
-0.1769671438 0.99991818
-0.1766295869 0.99992619
-0.1761986346 0.99998530
-0.1758610699 0.99984583
-0.1754301255 1.00003551
-0.1750925491 0.99988756
-0.1746616164 1.00016217
-0.1743240246 0.99996745
-0.1738931036 0.99996861
-0.1735555076 1.00006292
-0.1731245945 1.00019184
-0.1723560891 0.99986084
-0.1720184623 1.00022934
-0.1712499457 1.00010025
-0.1708190672 0.99981202
-0.1704814249 0.99989190
-0.1700505618 0.99986623
-0.1697129004 0.99991163
-0.1692820490 1.00013946
-0.1689443800 0.99976433
-0.1685135395 0.99997118
-0.1681758630 1.00022846
-0.1677450341 0.99990006
-0.1674073388 0.99993712
-0.1669765213 1.00011729
-0.1666388181 1.00005735
-0.1662080122 1.00006041
-0.1658703014 0.99999925
-0.1654394993 0.99997830
-0.1651017773 0.99982265
-0.1646709936 0.99993947
-0.1643332565 0.99978091
-0.1639024845 1.00033584
-0.1635647399 1.00003300
-0.1631339716 0.99997297
-0.1627962157 1.00005420
-0.1620276954 1.00020023
-0.1615969568 0.99991960
-0.1612591784 1.00049346
-0.1608284439 0.99980560
-0.1604906542 1.00011265
-0.1600599382 1.00009520
-0.1597221338 1.00005684
-0.1592914291 1.00053860
-0.1589536134 1.00001647
-0.1585229162 1.00001617
-0.1581850930 1.00005408
-0.1577544068 1.00000080
-0.1574165727 1.00009117
-0.1569858976 0.99984619
-0.1566480523 0.99996094
-0.1558795323 0.99992084
-0.1554488791 0.99978549
-0.1551110119 1.00006053
-0.1546803696 1.00000871
-0.1539118605 1.00016831
-0.1535739711 1.00010824
-0.1528054511 1.00005504
-0.1523748419 1.00020863
-0.1520369345 1.00005827
-0.1516063324 0.99991561
-0.1512684103 1.00004682
-0.1508378229 0.99996404
-0.1504998903 0.99961493
-0.1497313737 1.00012526
-0.1493008044 1.00030258
-0.1489628499 0.99999687
-0.1485322911 1.00010097
-0.1481943295 0.99970702
-0.1477637858 1.00033033
-0.1474258133 0.99998148
-0.1469952763 0.99991980
-0.1466572895 0.99967718
-0.1458887691 1.00001527
-0.1454582573 1.00027427
-0.1451202528 0.99998520
-0.1446897482 0.99980264
-0.1443517291 1.00024223
-0.1435832091 1.00006681
-0.1431527293 0.99992063
-0.1428146853 0.99983265
-0.1423842160 0.99994520
-0.1420461690 0.99976429
-0.1416157065 1.00002121
-0.1412776490 1.00024138
-0.1408472008 1.00000058
-0.1405091252 0.99994014
-0.1400786876 1.00028385
-0.1397406090 0.99996204
-0.1393101785 0.99989743
-0.1385416728 1.00022024
-0.1382035652 0.99980780
-0.1377731595 0.99986100
-0.1374350452 0.99995150
-0.1370046500 0.99974326
-0.1366665289 1.00021023
-0.1362361406 0.99980024
-0.1354676311 0.99984146
-0.1343609693 1.00009751
-0.1339306080 1.00007564
-0.1331620985 1.00009870
-0.1328239259 1.00004282
-0.1323935928 1.00003846
-0.1320554100 0.99998530
-0.1316250795 0.99994573
-0.1312868862 0.99996754
-0.1308565701 0.99988163
-0.1305183666 1.00009612
-0.1300880643 1.00011405
-0.1297498503 0.99997113
-0.1293195507 1.00006763
-0.1289813269 0.99972850
-0.1285510412 1.00013472
-0.1282128073 1.00005759
-0.1277825318 0.99992761
-0.1274442911 1.00000664
-0.1270140223 1.00020673
-0.1262455162 0.99989293
-0.1259072518 1.00014341
-0.1251387322 1.00023188
-0.1247084935 1.00008530
-0.1243702088 1.00037619
-0.1239399874 1.00013413
-0.1236016891 1.00016588
-0.1231714741 1.00003979
-0.1228331732 0.99998563
-0.1224029647 0.99972941
-0.1220646499 0.99978109
-0.1216344586 0.99999999
-0.1212961302 0.99976710
-0.1208659453 0.99999958
-0.1205276143 0.99999364
-0.1200974355 0.99987274
-0.1197590909 0.99972444
-0.1193289222 0.99961048
-0.1189905713 0.99965546
-0.1185604161 0.99985442
-0.1182220554 1.00013366
-0.1177919066 0.99985517
-0.1170233930 0.99980764
-0.1166850128 0.99988238
-0.1159164969 1.00009535
-0.1154863774 1.00004800
-0.1151479739 1.00003663
-0.1147178638 1.00014741
-0.1143794542 0.99978182
-0.1139493581 1.00005218
-0.1136109387 1.00001310
-0.1131808483 1.00014112
-0.1128424153 1.00003496
-0.1124123350 1.00019123
-0.1120738961 1.00001732
-0.1116438252 1.00027762
-0.1113053765 0.99984465
-0.1108753153 1.00020910
-0.1105368572 0.99993035
-0.1101068054 0.99993276
-0.1097683379 1.00000463
-0.1093382960 1.00002138
-0.1089998187 1.00004210
-0.1085697861 0.99986526
-0.1078012763 0.99976664
-0.1074627798 1.00007372
-0.1066942605 0.99984300
-0.1062642528 1.00007033
-0.1059257375 0.99997690
-0.1054957467 0.99970542
-0.1051572220 0.99994836
-0.1047272334 0.99985337
-0.1043887027 1.00015289
-0.1039587236 0.99986981
-0.1036201797 1.00027892
-0.1031902175 0.99980465
-0.1028516642 0.99993830
-0.1024217039 1.00026290
-0.1020831450 1.00044355
-0.1016531978 1.00008371
-0.1013146219 1.00004461
-0.1008846879 1.00026461
-0.1005461064 1.00013397
-0.1001161743 1.00000864
-0.0997775838 0.99989520
-0.0993476682 0.99982691
-0.0990090683 0.99980367
-0.0985791584 0.99997706
-0.0982405490 1.00011063
-0.0974720264 0.99996088
-0.0970421383 1.00019073
-0.0967035109 0.99991348
-0.0962736246 1.00015020
-0.0959349920 1.00009654
-0.0955051148 0.99979459
-0.0951664690 0.99971199
-0.0947366087 1.00022855
-0.0943979539 1.00001110
-0.0939680951 1.00009748
-0.0936294346 0.99990536
-0.0931995848 0.99993619
-0.0928609120 1.00005196
-0.0924310750 0.99988401
-0.0920923927 0.99995131
-0.0916625651 1.00006935
-0.0913238776 0.99995187
-0.0908940553 0.99976133
-0.0905553549 1.00006305
-0.0901255450 1.00008191
-0.0897868361 0.99995182
-0.0893570352 1.00027217
-0.0890183206 1.00011508
-0.0882497979 0.99994584
-0.0878200113 0.99985932
-0.0874812790 1.00022379
-0.0870515015 0.99985588
-0.0867127639 1.00009458
-0.0862829950 1.00020320
-0.0859442413 0.99991411
-0.0855144814 0.99997376
-0.0851757224 0.99998256
-0.0847459712 0.99998747
-0.0844072073 0.99992358
-0.0839774651 1.00014785
-0.0836386846 1.00007147
-0.0832089511 1.00025216
-0.0828701661 0.99981135
-0.0821016510 0.99975089
-0.0816719272 0.99975114
-0.0813331283 1.00029743
-0.0809034211 1.00010653
-0.0801349109 1.00044635
-0.0797960909 1.00006738
-0.0790275721 1.00023002
-0.0785978908 1.00014017
-0.0782590532 1.00014339
-0.0778293806 0.99993694
-0.0774905347 1.00001020
-0.0770608703 0.99993391
-0.0767220158 1.00003073
-0.0762923605 1.00054137
-0.0759534973 0.99998874
-0.0755238503 0.99962348
-0.0751849784 0.99981208
-0.0747553400 1.00002293
-0.0744164561 0.99984442
-0.0739868298 0.99996858
-0.0736479414 1.00002008
-0.0732183162 0.99974927
-0.0728794225 0.99965200
-0.0724498097 1.00014190
-0.0721109002 1.00006852
-0.0716812995 1.00011184
-0.0713423855 0.99981046
-0.0709127855 0.99976246
-0.0705738666 1.00003806
-0.0698053481 0.99984325
-0.0693757688 0.99955200
-0.0690368296 1.00007929
-0.0686072548 1.00007317
-0.0682683111 0.99967423
-0.0678387483 1.00051179
-0.0674997926 0.99994687
-0.0670702381 1.00024295
-0.0667312741 0.99993151
-0.0663017241 1.00049444
-0.0659627556 1.00011485
-0.0655332139 0.99992401
-0.0651942371 1.00006433
-0.0647647036 1.00001570
-0.0644257185 0.99993545
-0.0639961934 0.99999457
-0.0636572004 1.00000276
-0.0632276832 1.00044746
-0.0624591692 1.00019034
-0.0616906627 0.99992554
-0.0613516449 1.00008401
-0.0609221521 0.99981565
-0.0605831230 1.00021665
-0.0601536381 0.99979512
-0.0598146083 0.99999265
-0.0593851316 0.99999635
-0.0590460860 1.00005268
-0.0586166176 0.99986761
-0.0582775679 1.00008977
-0.0578481074 0.99981463
-0.0575090531 0.99998379
-0.0570796005 1.00004345
-0.0567405312 0.99979383
-0.0563110865 0.99996742
-0.0559720127 1.00021840
-0.0555425763 1.00025176
-0.0552034983 1.00025431
-0.0547740695 1.00026156
-0.0544349764 0.99993961
-0.0540055555 1.00013761
-0.0536664579 1.00002196
-0.0532370449 0.99999751
-0.0528979436 0.99990618
-0.0524685384 0.99996511
-0.0521294217 0.99982875
-0.0513609035 1.00002756
-0.0509315138 0.99988510
-0.0505923892 0.99957762
-0.0501630036 1.00035836
-0.0493944930 1.00053362
-0.0490553488 1.00016616
-0.0486259823 0.99998769
-0.0482868306 1.00027726
-0.0478574721 0.99992184
-0.0475183125 1.00034277
-0.0470889615 1.00003026
-0.0467497944 0.99986895
-0.0463204513 0.99971639
-0.0459812762 0.99990352
-0.0455519407 0.99983471
-0.0452127585 1.00018329
-0.0444442404 1.00014981
-0.0440149198 1.00015892
-0.0432464055 1.00036260
-0.0429072041 0.99998447
-0.0421386863 1.00012479
-0.0417093842 1.00008717
-0.0413701682 0.99986966
-0.0409408740 0.99984955
-0.0406016501 0.99988704
-0.0401723672 0.99982027
-0.0398331323 0.99998579
-0.0394038528 1.00013515
-0.0390646142 0.99983867
-0.0386353422 0.99995241
-0.0382960964 1.00053059
-0.0378668353 1.00003355
-0.0375275783 1.00004778
-0.0370983210 1.00022368
-0.0367590643 1.00004976
-0.0363298104 1.00013569
-0.0359905424 0.99993155
-0.0355612960 0.99998475
-0.0352220247 1.00031579
-0.0347927891 1.00000162
-0.0340242785 0.99987473
-0.0336849888 1.00011359
-0.0329164710 1.00009870
-0.0324872573 0.99944891
-0.0321479533 0.99996148
-0.0317187467 0.99961547
-0.0313794355 1.00018628
-0.0309502323 0.99996707
-0.0306109178 0.99988352
-0.0301817255 0.99977884
-0.0298424000 1.00002724
-0.0294132149 0.99981177
-0.0290738785 0.99999466
-0.0286447005 0.99992107
-0.0283053641 0.99991360
-0.0278761933 1.00044481
-0.0275368467 1.00028754
-0.0271076789 1.00012464
-0.0267683252 0.99992706
-0.0263391683 1.00009929
-0.0259998112 0.99980847
-0.0255706615 1.00021556
-0.0252312935 0.99982367
-0.0248021467 1.00011650
-0.0244627720 1.00001545
-0.0240336399 0.99985472
-0.0236942580 0.99996117
-0.0232651293 1.00032270
-0.0229257406 1.00011056
-0.0224966145 1.00003123
-0.0221572191 0.99987302
-0.0217281039 0.99975816
-0.0213887051 1.00023461
-0.0209595933 0.99994406
-0.0206201839 1.00009701
-0.0201910823 0.99969385
-0.0198516662 1.00036074
-0.0194225717 1.00010915
-0.0190831526 1.00006727
-0.0186540607 1.00002668
-0.0183146310 1.00032288
-0.0178855501 0.99984505
-0.0171170391 0.99997665
-0.0167775959 0.99963895
-0.0163485248 0.99980157
-0.0152405612 0.99995630
-0.0144720472 1.00023976
-0.0140429922 0.99982140
-0.0137035260 0.99977689
-0.0132744850 0.99998886
-0.0129350086 0.99983952
-0.0125059702 1.00010703
-0.0121664913 0.99988147
-0.0117374596 1.00014911
-0.0113979735 1.00032522
-0.0109689524 1.00019406
-0.0106294561 0.99981145
-0.0102004376 1.00003743
-0.0098609425 0.99984942
-0.0094319266 1.00034636
-0.0090924214 1.00018429
-0.0086634198 1.00009697
-0.0083239040 1.00018608
-0.0078949051 0.99985075
-0.0075553904 0.99999866
-0.0071263941 1.00053646
-0.0063578868 1.00020785
-0.0060183522 1.00017713
-0.0052498386 1.00039081
-0.0048208611 0.99976826
-0.0044813175 1.00000118
-0.0040523464 0.99983353
-0.0037128001 1.00007686
-0.0032838391 0.99984506
-0.0029442831 1.00027317
-0.0025153282 1.00014508
-0.0021757657 1.00014128
-0.0017468172 0.99986000
-0.0014072483 0.99985616
-0.0009783062 0.99963001
-0.0006387313 0.99931328
-0.0002097952 0.99910137
0.0001297860 0.99935617
0.0005587158 0.99905422
0.0008983031 0.99945177
0.0013272268 0.99995417
0.0016668204 1.00009255
0.0020957415 0.99968855
0.0024353412 0.99988423
0.0028642529 1.00021117
0.0032038548 0.99983816
0.0039723718 0.99986752
0.0044012748 1.00008742
0.0047408926 1.00026669
0.0051697858 1.00038089
0.0055094062 0.99992037
0.0059382934 1.00030632
0.0062779232 0.99995291
0.0067068082 1.00011328
0.0070464440 0.99994627
0.0074753192 1.00000075
0.0078149572 0.99997834
0.0082438268 0.99999852
0.0085834746 1.00011069
0.0090123415 0.99985262
0.0093519953 1.00009875
0.0097808525 0.99996028
0.0101205086 1.00017055
0.0105493676 1.00000164
0.0108890256 1.00004842
0.0113178748 0.99985622
0.0120863862 1.00013781
0.0128549009 1.00008920
0.0131945766 1.00002988
0.0136234085 1.00020083
0.0139630970 1.00014003
0.0143919195 1.00002551
0.0147316140 1.00002028
0.0151604346 0.99992024
0.0155001272 1.00001890
0.0159289419 0.99994470
0.0166974570 1.00014875
0.0174659684 0.99976265
0.0178056816 0.99980200
0.0182344756 0.99986823
0.0185741986 0.99973662
0.0190029907 0.99964427
0.0193427115 0.99983034
0.0197715021 1.00011221
0.0201112323 0.99965347
0.0205400134 0.99979389
0.0208797493 0.99972195
0.0213085244 1.00026861
0.0216482621 1.00015020
0.0224167825 1.00051305
0.0228455471 1.00002562
0.0231852995 0.99989768
0.0236140585 1.00005471
0.0239538124 1.00040095
0.0243825698 1.00014504
0.0247223331 0.99998182
0.0254908498 1.00015751
0.0259195926 0.99996649
0.0262593626 0.99966967
0.0266881039 1.00007609
0.0270278830 1.00009683
0.0274566190 1.00016762
0.0277964000 0.99988587
0.0282251266 0.99986193
0.0285649167 0.99991183
0.0289936380 1.00006211
0.0293334333 0.99986108
0.0297621531 0.99987531
0.0301019499 1.00015633
0.0305306607 0.99995670
0.0308704665 0.99967978
0.0316389832 1.00005826
0.0320676872 1.00015458
0.0324074998 1.00002319
0.0328361948 0.99973896
0.0331760164 0.99992255
0.0336047103 0.99999854
0.0339445368 0.99993866
0.0343732217 1.00011608
0.0347130497 1.00002839
0.0351417293 1.00000107
0.0354815659 1.00010250
0.0359102444 1.00006849
0.0362500863 1.00003385
0.0366787561 0.99999440
0.0370185992 1.00023220
0.0374472637 1.00029440
0.0377871158 1.00006498
0.0382157789 1.00007696
0.0389842906 1.00010992
0.0397528057 1.00038412
0.0400926649 1.00006231
0.0408611853 0.99982428
0.0412898250 1.00006506
0.0420583402 0.99992610
0.0423982144 1.00000135
0.0428268481 1.00014106
0.0431667307 0.99975729
0.0435953595 1.00039326
0.0439352473 0.99992284
0.0443638750 1.00001041
0.0447037636 1.00002821
0.0451323867 0.99993851
0.0454722802 1.00044639
0.0459008943 0.99991226
0.0462407964 1.00017981
0.0466694098 1.00009964
0.0470093127 1.00031653
0.0474379216 1.00007492
0.0477778327 0.99979027
0.0482064329 1.00005521
0.0489749447 0.99995282
0.0493148618 0.99970156
0.0500833818 0.99978633
0.0505119678 1.00008666
0.0508518943 1.00005475
0.0512804795 1.00026149
0.0516204106 1.00001577
0.0520489875 0.99994890
0.0523889306 0.99993143
0.0528175030 1.00009266
0.0531574431 0.99945030
0.0539259631 1.00004115
0.0543545302 0.99997790
0.0546944793 0.99984973
0.0551230382 1.00037084
0.0554629914 1.00007093
0.0558915499 0.99987791
0.0562315115 1.00017173
0.0566600654 0.99986006
0.0570000277 0.99995753
0.0574285734 1.00009991
0.0577685402 1.00022445
0.0581970851 1.00011825
0.0585370598 0.99982676
0.0593055761 0.99995762
0.0597341086 1.00006144
0.0600740923 0.99995100
0.0605026203 0.99971806
0.0608426082 1.00009683
0.0612711358 0.99992014
0.0616111245 1.00011913
0.0620396438 1.00004383
0.0623796403 0.99990836
0.0628081593 0.99998610
0.0631481566 0.99999813
0.0635766714 0.99992219
0.0639166725 1.00029711
0.0643451832 1.00016494
0.0646851887 0.99993831
0.0651136949 0.99997833
0.0654537083 0.99993695
0.0658822066 1.00046349
0.0662222205 1.00001837
0.0669907367 1.00002403
0.0674192305 1.00028506
0.0677592563 1.00009248
0.0685277685 1.00000837
0.0689562581 1.00003552
0.0692962843 0.99999675
0.0697247661 0.99990868
0.0700648006 1.00000114
0.0704932782 0.99978217
0.0708333165 1.00003746
0.0712617937 1.00008390
0.0716018323 1.00016994
0.0720303058 0.99963788
0.0723703482 1.00008284
0.0727988138 0.99985202
0.0731388641 0.99951243
0.0735673297 0.99979339
0.0739073800 0.99975449
0.0743358380 0.99968246
0.0746758958 1.00001820
0.0751043497 1.00005831
0.0754444117 1.00005172
0.0758728656 1.00021301
0.0766413740 0.99977505
0.0769814431 1.00032847
0.0777499589 0.99992075
0.0781784016 0.99983921
0.0785184748 1.00010837
0.0789469099 1.00009151
0.0792869941 1.00027899
0.0797154258 1.00012157
0.0800555062 0.99992234
0.0804839375 0.99996155
0.0808240221 0.99989261
0.0812524459 1.00010014
0.0815925413 1.00009362
0.0820209618 0.99998644
0.0823610534 1.00004021
0.0827894739 0.99998078
0.0831295693 1.00001536
0.0835579898 0.99998673
0.0838980886 1.00021612
0.0843264981 1.00002967
0.0846666003 1.00005478
0.0850950102 1.00016325
0.0858635261 1.00002324
0.0862036354 0.99997044
0.0869721476 0.99995297
0.0874005466 0.99987046
0.0877406668 0.99989129
0.0881690624 0.99994404
0.0885091823 1.00006832
0.0889375746 0.99995332
0.0892776944 0.99993164
0.0897060829 1.00024175
0.0900462137 1.00011216
0.0904745988 1.00005890
0.0908147292 0.99988687
0.0912431113 0.99998010
0.0915832447 0.99991141
0.0920116234 1.00008799
0.0923517602 0.99987063
0.0927801355 1.00001250
0.0931202757 0.99978988
0.0935486476 1.00014968
0.0938887912 1.00006138
0.0943171639 1.00009408
0.0950856722 0.99978234
0.0954258222 0.99998448
0.0961943377 0.99983708
0.0966227006 0.99998042
0.0969628569 1.00017325
0.0973912089 0.99985473
0.0977313687 1.00010919
0.0981597252 0.99995659
0.0984998842 1.00026720
0.0989282335 0.99992142
0.0992683997 0.99990691
0.0996967460 1.00005196
0.1000369148 1.00024243
0.1004652619 0.99977359
0.1008054303 1.00007431
0.1012337744 0.99994870
0.1015739458 0.99985347
0.1020022827 0.99976320
0.1023424609 0.99981236
0.1027707990 1.00013912
0.1031109726 0.99998278
0.1035393073 1.00004588
0.1038794919 1.00011222
0.1043078198 0.99990839
0.1046480070 0.99993365
0.1054165225 0.99990261
0.1058448448 0.99996207
0.1061850376 0.99993047
0.1066133607 1.00026688
0.1069535528 1.00007415
0.1073818732 1.00003350
0.1077220683 1.00021361
0.1081503819 1.00001066
0.1084905834 0.99996359
0.1089188981 1.00005539
0.1092590989 0.99999141
0.1096874106 0.99997913
0.1104559227 0.99997211
0.1107961329 1.00027956
0.1112244352 0.99984908
0.1115646443 1.00016219
0.1119929477 0.99960721
0.1123331598 1.00013488
0.1127614640 1.00001917
0.1135299727 1.00002648
0.1146387051 0.99984373
0.1150670014 0.99995031
0.1154072240 0.99964601
0.1158355139 1.00022008
0.1161757354 1.00007585
0.1166040230 0.99986720
0.1169442505 0.99997763
0.1173725393 1.00010011
0.1177127694 0.99997689
0.1181410518 0.99999271
0.1184812807 1.00005839
0.1189095605 1.00005523
0.1192497959 0.99996357
0.1196780767 0.99970477
0.1200183144 1.00004003
0.1204465896 1.00003229
0.1207868257 0.99993490
0.1212151059 1.00024933
0.1215553446 0.99989815
0.1219836146 1.00001645
0.1227521271 1.00017690
0.1230923745 0.99998911
0.1238608896 1.00021727
0.1242891524 1.00020760
0.1246294047 0.99988681
0.1250576653 1.00013434
0.1253979195 1.00048284
0.1258261778 0.99992206
0.1261664346 0.99998532
0.1265946907 1.00010836
0.1269349493 0.99996281
0.1273631994 1.00001920
0.1277034645 1.00009217
0.1281317160 0.99988282
0.1284719792 0.99995738
0.1289002285 0.99983804
0.1292404943 0.99992233
0.1296687451 0.99978355
0.1300090091 0.99980840
0.1304372539 0.99975786
0.1307775242 0.99992332
0.1312057667 0.99999868
0.1315460389 1.00018442
0.1319742833 0.99999669
0.1323145499 1.00022545
0.1330830684 0.99989871
0.1335113049 1.00002340
0.1338515835 1.00009652
0.1342798216 1.00002989
0.1346200945 1.00017907
0.1350483344 0.99990424
0.1353886130 1.00009969
0.1358168473 1.00030850
0.1361571278 1.00018798
0.1365853598 0.99997840
0.1369256425 0.99997281
0.1373538727 0.99981144
0.1376941573 0.99986065
0.1381223855 0.99983112
0.1384626720 0.99986724
0.1388908984 1.00032579
0.1392311868 0.99982953
0.1396594112 0.99996730
0.1399997015 1.00011382
0.1404279279 1.00023823
0.1411964370 0.99996478
0.1415367310 0.99974693
0.1423052495 0.99989903
0.1427334665 1.00007234
0.1430737605 0.99990034
0.1435019756 1.00013178
0.1438422749 0.99987170
0.1442704922 1.00005216
0.1446107934 0.99992894
0.1450390054 1.00000792
0.1453793044 1.00026790
0.1458075145 1.00002872
0.1461478187 1.00005022
0.1465760312 0.99999999
0.1469163372 0.99994070
0.1473445440 1.00013792
0.1476848482 0.99971761
0.1481130535 0.99993191
0.1484533626 1.00009312
0.1488815701 0.99997627
0.1492218811 1.00049580
0.1496500830 1.00008994
0.1504185963 0.99995105
0.1507589065 1.00010652
0.1515274246 0.99979971
0.1522959356 1.00015145
0.1527241352 1.00022301
0.1530644499 1.00002971
0.1534926481 1.00005856
0.1538329681 0.99994172
0.1542611576 1.00005886
0.1546014828 1.00043585
0.1550296742 0.99995802
0.1553699972 0.99992262
0.1557981874 1.00013810
0.1561385116 0.99981818
0.1565667007 0.99979441
0.1569070259 1.00020871
0.1573352135 0.99991920
0.1576755403 0.99997464
0.1581037268 0.99996476
0.1584440550 1.00009486
0.1588722438 1.00003896
0.1596407567 1.00024557
0.1599810838 0.99987022
0.1604092661 0.99992304
0.1607495982 1.00015354
0.1611777831 1.00015906
0.1615181088 0.99987998
0.1619462964 1.00004387
0.1622866269 1.00014453
0.1627148055 1.00001917
0.1630551413 1.00017986
0.1634833225 0.99983652
0.1638236519 0.99990051
0.1642518357 1.00031177
0.1645921696 1.00010040
0.1650203527 1.00017639
0.1653606840 0.99990397
0.1657888622 0.99997271
0.1661291946 1.00047427
0.1665573755 0.99995954
0.1668977127 1.00017943
0.1673258925 1.00017923
0.1676662267 1.00000341
0.1680944019 0.99995266
0.1684347411 0.99969260
0.1688629152 0.99989954
0.1692032555 0.99971904
0.1699717695 1.00002984
0.1703999417 0.99985653
0.1707402838 0.99955070
0.1711684553 0.99949486
0.1715087982 0.99997281
0.1719369723 1.00014369
0.1722773122 1.00048315
0.1730458266 0.99987855
0.1734739988 0.99999342
0.1738143443 1.00000566
0.1742425124 1.00016032
0.1745828549 1.00009848
0.1750110219 0.99990836
0.1753513689 0.99978722
0.1757795389 0.99999674
0.1761198867 0.99992786
0.1765480487 1.00005091
0.1768883973 1.00017773
0.1773165657 1.00015832
0.1780850790 1.00004541
0.1784254290 1.00024756
0.1788535926 0.99998230
0.1791939393 1.00003240
0.1796221058 1.00029310
0.1799624536 0.99986518
0.1803906194 1.00023209
0.1807309714 0.99990484
0.1811591327 1.00015461
0.1814994816 1.00020405
0.1819276463 0.99994760
0.1822679956 1.00024463
0.1826961599 1.00000427
0.1830365134 1.00018214
0.1834646732 0.99985261
0.1838050236 0.99994654
0.1845735376 1.00023591
0.1850017004 0.99983720
0.1853420554 1.00006296
0.1857702136 0.99975143
0.1861105656 0.99984424
0.1865387310 0.99995362
0.1873072409 0.99962291
0.1876475973 0.99981835
0.1884161076 0.99999786
0.1888442719 0.99999291
0.1891846249 1.00004095
0.1896127813 1.00041515
0.1899531389 0.99989944
0.1903812987 1.00005490
0.1907216492 1.00004768
0.1911498123 1.00012771
0.1914901669 1.00000801
0.1919183222 0.99964984
0.1922586805 1.00034796
0.1926868396 1.00005166
0.1930271908 1.00002699
0.1934553532 1.00015934
0.1937957085 1.00022014
0.1942238706 0.99998944
0.1945642222 1.00023648
0.1949923804 0.99991138
0.1953327324 1.00000794
0.1957608940 1.00037629
0.1961012498 0.99974288
0.1965294118 0.99979924
0.1968697638 0.99971572
0.1976382736 1.00002181
0.1980664353 1.00047200
0.1984067914 0.99986788
0.1988349527 0.99959761
0.1991753050 1.00015078
0.1996034629 1.00014568
0.1999438186 0.99985139
0.2003719765 1.00025324
0.2007123326 1.00003009
0.2011404939 0.99992079
0.2014808462 1.00000020
0.2019090041 0.99967579
0.2022493598 0.99992974
0.2026775215 1.00000809
0.2030178734 1.00015839
0.2034460314 1.00015340
0.2037863871 1.00003224
0.2042145453 0.99967530
0.2045549011 0.99980348
0.2049830627 1.00004531
0.2057515767 0.99997794
0.2060919283 1.00001101
0.2068604419 1.00017923
0.2072886043 1.00009975
0.2076289593 1.00014739
0.2080571183 0.99987116
0.2083974691 1.00005312
0.2088256319 1.00019432
0.2091659828 0.99993695
0.2095941459 1.00015641
0.2099345001 1.00006809
0.2103626596 0.99999992
0.2107030100 0.99974921
0.2111311773 0.99996912
0.2114715236 1.00013276
0.2118996875 0.99985975
0.2122400406 0.99972771
0.2126682015 0.99998433
0.2130085505 1.00010283
0.2134367193 1.00030531
0.2137770641 0.99998297
0.2142052291 0.99983060
0.2145455815 1.00011768
0.2149737431 1.00051190
0.2153140910 0.99998717
0.2160826083 1.00034564
0.2165107711 1.00059207
0.2168511182 0.99991774
0.2172792889 1.00040928
0.2176196314 0.99990466
0.2180478029 1.00030683
0.2183881488 1.00005135
0.2188163131 1.00024455
0.2191566624 0.99978046
0.2195848309 1.00029130
0.2199251719 0.99992915
0.2203533449 1.00000510
0.2206936893 1.00013541
0.2211218551 1.00009697
0.2214622025 1.00026815
0.2218903732 1.00000851
0.2222307120 1.00000672
0.2226588872 0.99998080
0.2229992294 1.00042435
0.2234274050 0.99998777
0.2241959152 1.00032745
0.2245362525 1.00007424
0.2253047695 0.99999052
0.2260732827 0.99994434
0.2268417922 0.99984957
0.2276103096 0.99979891
0.2283788228 0.99992823
0.2299158493 0.99992272
0.2306843626 0.99984643
0.2314528758 1.00009643
0.2322213890 0.99978946
0.2345269288 0.99996828
0.2352954420 0.99997520
0.2360639552 1.00021624
0.2368324719 1.00011542
0.2376009814 1.00014390
0.2383694946 1.00005014
0.2391380116 0.99998630
0.2399065207 1.00019368
0.2406750339 1.00026899
0.2414435509 1.00009807
0.2422120600 0.99951981
0.2429805733 0.99979919
0.2437490865 0.99979782
0.2445175994 0.99992892
0.2452861164 1.00011055
0.2460546255 1.00003863
0.2468231384 0.99992991
0.2475916554 0.99999864
0.2483601645 0.99972796
0.2491286777 1.00027149
0.2498971943 1.00004568
0.2506657072 0.99995322
0.2522027333 0.99964450
0.2529712462 0.99994433
0.2533994669 0.99995356
0.2537397553 1.00016485
0.2541679813 0.99996429
0.2545082719 1.00028340
0.2549364998 0.99979730
0.2552767848 0.99971283
0.2557050104 0.99988702
0.2560452939 1.00034773
0.2564735251 0.99978827
0.2568138105 1.00006256
0.2572420436 1.00024968
0.2575823234 0.99977873
0.2580105542 0.99975255
0.2587790690 0.99975226
0.2591193491 1.00029030
0.2595475875 1.00007773
0.2598878620 1.00017519
0.2603160981 1.00005961
0.2610846166 1.00026828
0.2614248877 0.99981574
0.2621934002 1.00004531
0.2626216423 1.00006489
0.2629619131 1.00000945
0.2633901608 0.99985040
0.2637304259 0.99992896
0.2641586752 1.00005125
0.2644989388 0.99992676
0.2649271862 1.00019533
0.2652674513 0.99988285
0.2656957047 1.00003722
0.2660359641 0.99991511
0.2664642195 0.99987440
0.2668044770 1.00013920
0.2672327380 1.00017224
0.2675729895 1.00008333
0.2680012489 1.00005579
0.2683415061 1.00004770
0.2687697637 1.00011457
0.2691100148 0.99985728
0.2695382826 0.99974635
0.2698785277 0.99989394
0.2703067936 0.99999129
0.2706470402 1.00003579
0.2714155531 0.99985685
0.2718438268 0.99997688
0.2721840693 0.99974077
0.2726123416 1.00024333
0.2729525784 0.99978939
0.2733808529 0.99999046
0.2737210909 1.00013086
0.2741493714 1.00001632
0.2744896072 1.00013062
0.2749178862 1.00002686
0.2752581163 0.99990740
0.2756864013 0.99990334
0.2760266288 1.00036416
0.2764549160 1.00014376
0.2767951450 1.00015810
0.2772234308 1.00006660
0.2775636537 1.00016729
0.2779919459 0.99992658
0.2783321666 1.00035525
0.2787604607 0.99990869
0.2795289720 1.00006855
0.2798691916 0.99990051
0.2806377041 0.99983317
0.2810660056 0.99991332
0.2814062203 0.99983508
0.2818345245 1.00003654
0.2821747328 1.00011755
0.2826030355 0.99996902
0.2829432415 1.00001799
0.2833715506 1.00011351
0.2837117578 0.99990748
0.2841400695 1.00003632
0.2844802703 0.99989742
0.2849085809 0.99994995
0.2852487790 1.00025713
0.2856770956 0.99983569
0.2860172952 0.99979750
0.2864456145 1.00024869
0.2867858077 0.99982283
0.2872141259 0.99986493
0.2879826448 0.99971473
0.2890913448 1.00004089
0.2898598536 1.00004784
0.2902881901 0.99988932
0.2906283698 0.99988095
0.2910567052 1.00021251
0.2913968819 1.00002034
0.2918252166 0.99996669
0.2921653906 1.00004902
0.2925937355 0.99977613
0.2929339065 0.99993612
0.2933622506 1.00008970
0.2937024190 1.00011308
0.2941307657 0.99998111
0.2944709315 0.99997306
0.2948992809 1.00004708
0.2952394436 1.00022089
0.2956677964 0.99984678
0.2960079561 1.00001552
0.2964363152 1.00024312
0.2967764682 1.00003547
0.2972048304 1.00055664
0.2979733417 1.00010114
0.2990820049 1.00018450
0.2998505174 0.99995485
0.3006190295 0.99996706
0.3013875416 0.99989232
0.3021560541 0.99997391
0.3029245663 1.00017614
0.3036930821 1.00016029
0.3044615905 0.99987955
0.3052301026 0.99976352
0.3059986188 1.00026992
0.3083041552 0.99962425
0.3087325564 0.99974811
0.3090726635 1.00003707
0.3095010757 0.99975213
0.3098411756 0.99994139
0.3102695912 1.00006101
0.3106096915 1.00004584
0.3110381105 0.99986476
0.3113781999 1.00019686
0.3118066222 1.00041438
0.3121467120 0.99996952
0.3125751377 1.00002890
0.3129152275 1.00027745
0.3133436570 1.00016910
0.3136837396 1.00009331
0.3141121687 0.99985022
0.3144522479 1.00005593
0.3148806842 0.99999564
0.3152207638 1.00016525
0.3156492034 1.00000792
0.3159892759 0.99997416
0.3164177189 1.00035460
0.3167577839 1.00017418
0.3171862344 0.99997437
0.3175262998 1.00023271
0.3179547499 1.00001035
0.3182948119 1.00000316
0.3187232654 0.99992164
0.3190633199 1.00003716
0.3194917813 0.99993381
0.3198318357 1.00036608
0.3202602968 0.99978825
0.3206003479 0.99995326
0.3210288123 0.99996626
0.3213688634 0.99993983
0.3217973282 0.99979772
0.3221373717 0.99987883
0.3225658437 1.00004605
0.3229058834 0.99976267
0.3233343592 1.00021064
0.3236743956 0.99958108
0.3241028788 1.00032892
0.3244429073 0.99971921
0.3248713906 0.99998212
0.3256399102 0.99995096
0.3259799311 0.99997360
0.3267484429 0.99987843
0.3271769378 0.99991240
0.3275169546 1.00032302
0.3279454574 1.00000145
0.3282854667 0.99989660
0.3287139692 1.00003559
0.3290539785 0.99981807
0.3294824850 1.00023867
0.3298224902 1.00005315
0.3302510047 1.00006787
0.3305910019 0.99998974
0.3310195164 1.00010948
0.3313595141 1.00016245
0.3317880361 1.00014050
0.3321280258 1.00004760
0.3325565519 0.99976858
0.3333250640 1.00000164
0.3336650493 1.00015363
0.3340935837 0.99982972
0.3344335610 1.00060786
0.3348620996 1.00005373
0.3352020765 1.00029794
0.3359705845 0.99977842
0.3363991313 0.99980590
0.3371676472 0.99990338
0.3375076117 0.99996981
0.3379361631 0.99997663
0.3382761197 0.99987530
0.3387046789 0.99988485
0.3390446314 0.99994140
0.3394731948 1.00010411
0.3398131469 0.99997081
0.3402417144 1.00008175
0.3405816549 1.00000785
0.3410102265 0.99999154
0.3413501666 0.99994498
0.3417787424 0.99982356
0.3421186818 0.99966901
0.3425472624 1.00001286
0.3428871897 0.99960287
0.3433157783 1.00015222
0.3440842904 1.00000568
0.3444242170 0.99987658
0.3451927283 1.00007698
0.3456213263 1.00012013
0.3459612401 0.99999593
0.3463898422 0.99996395
0.3467297518 0.99991322
0.3471583584 0.99990119
0.3474982632 1.00022767
0.3479268743 0.99995877
0.3482667749 1.00029411
0.3486953943 1.00000217
0.3490352863 1.00011928
0.3494639068 1.00026045
0.3498037980 1.00005087
0.3502324227 0.99979321
0.3505723094 0.99996816
0.3510009389 0.99989837
0.3513408211 1.00014076
0.3517694548 1.00019785
0.3521093325 0.99993653
0.3525379748 0.99974854
0.3533064911 1.00009889
0.3536463556 1.00015798
0.3544148669 1.00005055
0.3551833787 1.00007756
0.3556120357 0.99991790
0.3559518900 1.00003185
0.3563805519 1.00011747
0.3567203976 1.00000772
0.3571490719 0.99949132
0.3574889127 0.99993326
0.3579175844 1.00042516
0.3582574245 0.99994213
0.3586861007 0.99967408
0.3590259321 0.99994900
0.3594546207 1.00014312
0.3597944472 1.00025198
0.3602231332 1.00017419
0.3605629586 0.99983035
0.3609916532 1.00010777
0.3613314699 0.99989327
0.3617601695 0.99988801
0.3620999813 0.99978915
0.3625286857 1.00016782
0.3628684926 0.99992899
0.3632972023 0.99998148
0.3636370040 1.00024500
0.3640657186 0.99993184
0.3644055154 0.99999472
0.3648342348 1.00024308
0.3651740267 1.00023373
0.3656027511 0.99991083
0.3659425381 1.00000922
0.3663712677 1.00019535
0.3667110532 1.00017334
0.3671397877 1.00000927
0.3674795608 1.00025903
0.3679083040 0.99997711
0.3682480722 1.00004467
0.3686768168 0.99995139
0.3690165873 1.00011307
0.3694453368 0.99996330
0.3697850949 1.00009080
0.3702138535 1.00006754
0.3705536096 0.99984934
0.3709823660 0.99990148
0.3717508864 1.00014031
0.3720906286 0.99987745
0.3728591437 1.00004867
0.3732879155 1.00009550
0.3736276547 0.99993652
0.3740564359 0.99992492
0.3743961623 0.99998054
0.3748249521 1.00033220
0.3751646774 0.99974180
0.3755934725 1.00009003
0.3759331884 0.99995492
0.3763619854 1.00008566
0.3767016998 0.99975141
0.3771305020 1.00012058
0.3774702107 1.00002684
0.3778990224 1.00006538
0.3782387221 0.99991858
0.3786675349 1.00007368
0.3790072331 1.00021464
0.3794360477 0.99990659
0.3797757445 1.00058919
0.3813127668 1.00003165
0.3820812778 1.00007527
0.3828497888 1.00023729
0.3836183001 0.99996632
0.3843868111 1.00016820
0.3851553221 1.00020898
0.3859238297 1.00004604
0.3866923444 1.00034636
0.3874608554 1.00012214
0.3882293627 0.99978489
0.3889978774 0.99995017
0.3897663884 0.99988991
0.3905348960 1.00025817
0.3913034107 1.00026493
0.3920719217 0.99999389
0.3928404365 1.00016939
0.3936089437 1.00009941
0.3943774547 1.00016219
0.3951459694 0.99997593
0.3959144763 1.00028134
0.3966829872 1.00026412
0.3974515020 1.00000411
0.3982200130 1.00051399
0.3997570349 0.99989927
0.4005255456 1.00007229
0.4012940528 1.00002586
0.4020625675 0.99965900
0.4028310785 0.99996519
0.4035995854 0.99975184
0.4043681001 0.99999641
0.4059051179 1.00006314
0.4066736327 1.00000995
0.4074421433 0.99979737
0.4089791649 0.99989827
0.4097476755 1.00017818
0.4105161865 1.00009656
0.4112846971 0.99998033
0.4120532081 0.99998058
0.4128217149 1.00002459
0.4135902293 0.99989744
0.4143587403 0.99981517
0.4151272509 1.00026478
0.4158957615 1.00007811
0.4166642721 0.99966107
0.4174327868 1.00011685
0.4182012937 0.99973343
0.4189698043 1.00004514
0.4197383187 1.00043221
0.4205068255 1.00028457
0.4212753361 1.00013672
0.4220438505 0.99988963
0.4228123573 0.99961182
0.4235808679 0.99996227
0.4243493823 1.00028681
0.4251178892 1.00012738
0.4274234210 0.99978611
0.4281919316 1.00019322
0.4289604460 0.99990599
0.4297289562 0.99990797
0.4304974630 0.99987316
0.4312659774 1.00001103
0.4320344880 0.99968713
0.4328029945 0.99999382
0.4335715089 1.00001994
0.4343400195 1.00003996
0.4351085259 0.99987785
0.4358770403 1.00009717
0.4366455505 0.99987287
0.4381825714 1.00006059
0.4389510820 1.00007756
0.4397195922 0.99991004
0.4404881028 0.99968901
0.4412566093 0.99964549
0.4420251237 1.00010866
0.4427936339 0.99996761
0.4435621441 1.00040356
0.4458676752 0.99988278
0.4466361854 0.99998478
0.4474046961 1.00007833
0.4481732063 1.00015623
0.4489417203 1.00012038
0.4497102268 0.99987661
0.4504787370 1.00012665
0.4512472514 1.00001744
0.4520157578 1.00003321
0.4527842681 0.99971656
0.4535527821 0.99997106
0.4550897988 0.99977433
0.4558583127 0.99968762
0.4566268192 0.99967177
0.4573953291 0.99965395
0.4581638431 0.99982772
0.4589323495 1.00009096
0.4597008598 1.00024242
0.4604693738 1.00037017
0.4612378840 1.00035330
0.4627749041 0.99977811
0.4643119246 1.00008176
0.4650804344 1.00017969
0.4658489446 0.99987033
0.4666174549 0.99970465
0.4673859647 1.00001664
0.4681544712 1.00006865
0.4689229848 1.00026834
0.4696914950 1.00004887
0.4704600011 1.00000188
0.4712285151 0.99997057
0.4719970250 0.99972288
0.4735340451 0.99995990
0.4743025553 0.99984625
0.4750710652 1.00007132
0.4758395750 1.00000773
0.4766080853 0.99999369
0.4773765951 0.99976255
0.4781451050 1.00014760
0.4789136148 0.99983971
0.4796821251 1.00021529
0.4804506387 1.00002794
0.4812191448 0.99995758
0.4827561682 1.00029625
0.4835246743 1.00013883
0.4842931846 1.00002192
0.4850616982 0.99971225
0.4858302043 0.99997010
0.4865987179 0.99999528
0.4873672278 1.00014347
0.4881357339 1.00031728
0.4889042475 0.99996032
0.4896727573 1.00024789
0.4904412630 0.99998510
0.4912097767 0.99988856
0.4919782865 0.99994797
0.4927467964 0.99987228
0.4935153062 0.99974252
0.4942838161 0.99961449
0.4950523256 0.99986088
0.4958208354 0.99993000
0.4965893453 0.99979190
0.4973578514 1.00025554
0.4981263646 0.99999641
0.4988948745 1.00029785
0.4996633806 0.99997983
0.5002595148 1.00022695
0.5005901064 0.99998885
0.5010280213 0.99965936
0.5013586347 0.99997301
0.5017965319 0.99989310
0.5021271630 1.00007277
0.5025650387 0.99997715
0.5028956875 1.00000908
0.5033335452 1.00050005
0.5036642195 0.99964254
0.5041020520 1.00022856
0.5044327478 0.99987175
0.5048705589 0.99980192
0.5052012761 1.00011363
0.5059698044 1.00005363
0.5064075722 1.00005843
0.5067383327 1.00016965
0.5071760791 0.99998888
0.5075068610 1.00011757
0.5079445893 1.00006631
0.5087130924 0.99994366
0.5090439175 1.00000530
0.5094815992 1.00026110
0.5098124455 1.00020871
0.5102501098 1.00015163
0.5105809775 0.99992319
0.5110186129 1.00011068
0.5113495017 1.00002432
0.5117871194 0.99996689
0.5121180299 1.00017437
0.5125556262 0.99990420
0.5128865616 0.99997564
0.5133241331 0.99983998
0.5140926437 1.00011122
0.5144236140 1.00004838
0.5151921457 0.99999085
0.5156296532 1.00007285
0.5159606702 0.99996720
0.5163981639 0.99997997
0.5167291982 1.00009952
0.5171666669 0.99977756
0.5174977298 0.99979440
0.5179351738 1.00010879
0.5182662540 0.99985532
0.5187036844 0.99996723
0.5190347819 0.99991546
0.5194721875 0.99984739
0.5198033136 1.00000776
0.5202406943 1.00041276
0.5205718377 0.99994262
0.5210092049 1.00005643
0.5213403656 1.00005267
0.5217777118 0.99989840
0.5221088973 0.99972798
0.5225462183 1.00015297
0.5228774252 0.99987949
0.5233147251 1.00000378
0.5236459490 1.00036826
0.5244144806 0.99973134
0.5248517388 0.99990465
0.5251830086 1.00026388
0.5256202456 0.99994487
0.5259515323 1.00016672
0.5263887525 1.00006964
0.5267200640 1.00017981
0.5271572631 1.00006674
0.5274885915 1.00007619
0.5279257662 1.00003114
0.5282571157 1.00010555
0.5286942730 0.99995734
0.5290256470 1.00007028
0.5294627836 0.99990646
0.5297941745 1.00009576
0.5302312867 1.00012799
0.5305626987 1.00051579
0.5309997973 1.00009892
0.5313312300 1.00036649
0.5317683046 0.99982171
0.5325368076 0.99976245
0.5328682813 0.99962165
0.5336368126 1.00025423
0.5340738251 1.00002283
0.5344053363 1.00000339
0.5348423282 0.99980759
0.5351738639 0.99981051
0.5356108388 1.00023214
0.5359423952 0.99944851
0.5363793456 0.99954886
0.5367109227 0.99949025
0.5371478487 0.99999626
0.5374794465 0.99969794
0.5379163593 0.99997753
0.5382479774 0.99977105
0.5386848666 0.99985109
0.5390165049 0.99967142
0.5394533734 1.00011774
0.5397850287 0.99995157
0.5402218803 1.00010363
0.5405535596 0.99964508
0.5409903871 0.99992411
0.5413220872 0.99978508
0.5417588939 1.00005219
0.5420906181 1.00001158
0.5428591419 0.99979079
0.5432959080 0.99983361
0.5436276690 1.00015128
0.5440644149 1.00003074
0.5443961999 1.00007655
0.5448329217 1.00001368
0.5451647237 0.99999027
0.5456014289 1.00009378
0.5459332509 1.00012667
0.5463699395 1.00003613
0.5467017818 1.00045724
0.5471384426 1.00005780
0.5474703052 1.00030522
0.5479069532 0.99976337
0.5482388323 1.00027886
0.5486754605 1.00007241
0.5490073633 1.00049899
0.5494439635 0.99985610
0.5497758867 1.00026534
0.5502124742 0.99991760
0.5509809814 0.99994731
0.5513129447 1.00022780
0.5520814681 1.00025024
0.5525179955 1.00008374
0.5528499953 0.99980401
0.5532865023 0.99998888
0.5536185258 1.00001125
0.5540550054 1.00000811
0.5543870530 0.99984377
0.5548235164 1.00013501
0.5551555764 1.00039641
0.5555920232 0.99988719
0.5559241069 0.99999118
0.5563605342 0.99995640
0.5566926341 0.99964418
0.5571290373 1.00013545
0.5574611571 0.99987843
0.5578975445 1.00010096
0.5582296880 1.00016753
0.5586660551 0.99961418
0.5589982111 1.00010061
0.5594345582 1.00006326
0.5597667378 1.00006498
0.5602030654 0.99998857
0.5605352684 0.99994435
0.5613037918 1.00020480
0.5620723186 0.99981243
0.5625085863 1.00001101
0.5628408491 0.99994726
0.5632770973 1.00002989
0.5636093721 1.00004384
0.5640456046 0.99971962
0.5643778989 1.00014524
0.5648141114 1.00008920
0.5651464295 1.00015331
0.5655826186 1.00001356
0.5659149525 1.00000406
0.5663511217 0.99996442
0.5671196327 1.00005299
0.5674520098 1.00005317
0.5678881399 0.99989334
0.5682205362 1.00029316
0.5686566430 0.99967398
0.5694251540 0.99987766
0.5697575898 0.99997775
0.5705261162 0.99989212
0.5709621643 1.00003124
0.5712946392 0.99991602
0.5717306753 0.99972062
0.5720631694 1.00020336
0.5724991821 0.99991253
0.5728316961 1.00002171
0.5732676931 0.99968879
0.5736002188 1.00004096
0.5740361966 0.99978538
0.5743687490 1.00002926
0.5748047038 1.00017977
0.5751372757 0.99997308
0.5755732144 1.00003437
0.5759057984 0.99979138
0.5763417179 1.00014160
0.5766743286 0.99975429
0.5771102251 1.00028908
0.5774428550 1.00002507
0.5778787361 1.00037433
0.5786472392 1.00022552
0.5789799078 1.00000688
0.5797484342 0.99975944
0.5801842574 0.99991488
0.5805169606 1.00008033
0.5809527608 1.00017930
0.5812854870 0.99991199
0.5817212718 0.99987870
0.5820540134 1.00018029
0.5824897787 0.99997403
0.5828225398 1.00007635
0.5832582859 0.99989650
0.5835910658 1.00002592
0.5840267931 0.99981105
0.5843595922 1.00007932
0.5847953003 0.99994950
0.5851281186 1.00015066
0.5855638076 0.99963475
0.5858966484 0.99988650
0.5863323148 0.99992704
0.5866651711 1.00000533
0.5871008220 1.00010253
0.5874337009 1.00029271
0.5878693292 0.99992327
0.5882022235 1.00003725
0.5889707495 0.99991942
0.5894063437 1.00003308
0.5897392797 0.99975976
0.5901748509 1.00012726
0.5905078020 1.00014734
0.5912763280 0.99993592
0.5917118653 0.99973354
0.5920448578 0.99962528
0.5924803763 1.00007306
0.5928133801 0.99993499
0.5932488798 0.99977507
0.5935819061 1.00021939
0.5940173870 1.00021658
0.5943504359 0.99990631
0.5947858980 0.99999142
0.5951189582 1.00003656
0.5955544015 1.00004406
0.5958874842 1.00011014
0.5963229087 1.00005280
0.5966560140 1.00017649
0.5970914197 1.00016337
0.5974245363 0.99990997
0.5981930623 1.00007297
0.5986284341 0.99988030
0.5989615921 1.00002520
0.5993969413 1.00018336
0.5997301177 0.99987457
0.6001654448 1.00000661
0.6004986400 0.99996838
0.6009339562 0.99968768
0.6012671694 1.00023453
0.6017024634 1.00007561
0.6020356954 0.99980513
0.6024709668 1.00007264
0.6028042173 0.99997788
0.6032394778 0.99968761
0.6035727471 0.99985749
0.6040079851 1.00010478
0.6043412728 0.99994008
0.6047764926 0.99994600
0.6051097951 0.99998536
0.6055449999 0.99976386
0.6063135071 0.99998471
0.6074153720 1.00027046
0.6078505219 0.99977045
0.6086190291 1.00018989
0.6089524271 0.99993403
0.6093875401 1.00005956
0.6097209490 0.99986688
0.6101560477 1.00002308
0.6104894784 0.99994929
0.6109245512 0.99981505
0.6112580040 1.00001082
0.6116930622 0.99993716
0.6120265297 1.00012649
0.6124615698 0.99990148
0.6127950554 1.00019696
0.6132300732 0.99979532
0.6135635810 1.00025541
0.6139985842 1.00011039
0.6143321067 1.00026431
0.6147670918 0.99993813
0.6151006319 0.99999372
0.6155356028 1.00025833
0.6158691576 1.00004098
0.6166376791 0.99985415
0.6174062085 1.00011505
0.6178411211 1.00022895
0.6181747338 1.00004758
0.6186096287 0.99996549
0.6189432557 0.99979814
0.6193781321 1.00020675
0.6197117847 0.99999662
0.6201466435 0.99990142
0.6204803104 0.99996553
0.6209151507 1.00006807
0.6212488319 0.99978702
0.6216836546 1.00003852
0.6220173609 1.00031593
0.6224521656 0.99993483
0.6227858862 1.00004433
0.6232206732 1.00038762
0.6235544081 1.00014085
0.6239891845 1.00012677
0.6243229372 0.99978800
0.6247576880 0.99985651
0.6250914624 0.99994997
0.6258599839 0.99990558
0.6262947066 0.99991190
0.6266285130 0.99999728
0.6270632104 1.00051561
0.6273970379 0.99985833
0.6278317180 1.00022375
0.6281655632 0.99976239
0.6286002290 0.99967462
0.6289340884 1.00005199
0.6293687366 0.99997106
0.6297026137 1.00006455
0.6301372404 1.00015062
0.6304711390 1.00038169
0.6309057514 1.00003171
0.6312396677 0.99997952
0.6316742590 1.00010983
0.6320081892 1.00003508
0.6324427666 1.00021624
0.6327767141 1.00034433
0.6332112738 1.00045812
0.6335452431 0.99991116
0.6343137643 1.00011864
0.6350822895 1.00016770
0.6358508182 0.99995039
0.6362853038 0.99990670
0.6366193393 0.99999246
0.6370538152 1.00000618
0.6373878646 0.99990263
0.6378223190 0.99985950
0.6381563933 0.99973713
0.6385908266 1.00017911
0.6389249144 0.99997915
0.6393593380 1.00007398
0.6396934431 1.00042560
0.6401278418 0.99990766
0.6404619680 1.00010601
0.6412304891 1.00018099
0.6416648567 1.00007366
0.6424333643 1.00022682
0.6432018756 1.00005667
0.6435360638 1.00006746
0.6443045925 1.00018664
0.6447388871 1.00009457
0.6450731170 0.99996371
0.6455073984 0.99987855
0.6458416382 0.99975392
0.6462759023 0.99994790
0.6466101668 0.99995810
0.6470444099 1.00018484
0.6473786914 0.99981946
0.6478129212 1.00003498
0.6481472125 0.99989632
0.6485814288 0.99983428
0.6489157408 1.00003323
0.6493499364 1.00004430
0.6496842657 1.00003263
0.6501184440 0.99954019
0.6504527864 1.00025887
0.6508869516 1.00007314
0.6512213151 0.99994360
0.6516554592 1.00004877
0.6519898396 1.00009895
0.6524239668 1.00005581
0.6527583604 0.99988055
0.6535268891 1.00010024
0.6539609862 0.99976442
0.6542954136 1.00010892
0.6547294900 0.99979459
0.6550639343 1.00004355
0.6554979976 1.00015536
0.6558324626 1.00007089
0.6562665090 1.00015140
0.6566009872 0.99994372
0.6570350128 1.00034118
0.6573695079 1.00000526
0.6578035242 0.99989739
0.6581380362 1.00039505
0.6585720321 1.00007801
0.6589065607 1.00019089
0.6593405360 1.00016802
0.6596750853 0.99983761
0.6601090473 0.99997170
0.6604436094 0.99995469
0.6608775549 1.00000016
0.6612121339 0.99987988
0.6616460591 0.99999654
0.6619806585 1.00002381
0.6627491864 1.00044707
0.6631830781 1.00005777
0.6635177071 1.00053044
0.6639515819 0.99988659
0.6642862317 1.00024005
0.6647200937 1.00002113
0.6650547596 1.00020550
0.6654886013 0.99993785
0.6658232803 1.00017334
0.6662571089 0.99978863
0.6665918045 1.00003483
0.6670256169 0.99999488
0.6673603324 0.99976383
0.6677941245 0.99961509
0.6681288532 0.99981456
0.6685626324 1.00002019
0.6688973773 0.99984266
0.6693311400 1.00014219
0.6696659052 0.99989814
0.6700996480 1.00007482
0.6704344256 1.00020361
0.6708681556 0.99999108
0.6712029498 1.00016867
0.6719714739 1.00000539
0.6724051712 1.00031335
0.6727399981 0.99987387
0.6731736825 1.00012976
0.6735085222 0.99976976
0.6739421868 0.99974756
0.6742770464 1.00029480
0.6747106981 0.99976754
0.6750455705 0.99983941
0.6754792061 0.99992933
0.6758140947 1.00006048
0.6762477103 0.99993465
0.6765826226 1.00010875
0.6770162217 0.99983989
0.6773511430 0.99971501
0.6781196667 0.99999573
0.6785532335 0.99985581
0.6788881946 0.99966483
0.6796567147 1.00002961
0.6800902532 1.00018740
0.6804252388 0.99986631
0.6811937667 0.99977597
0.6816272688 1.00010822
0.6819622867 1.00041164
0.6823957767 0.99996772
0.6827308105 1.00003553
0.6831642881 1.00018407
0.6834993384 1.00008827
0.6839327923 1.00034912
0.6842678584 1.00014802
0.6847013003 0.99992361
0.6850363860 0.99976148
0.6854698116 0.99996315
0.6858049097 0.99975332
0.6862383159 1.00022627
0.6865734301 0.99991623
0.6870068238 1.00008917
0.6873419577 1.00018802
0.6877753356 0.99999880
0.6881104814 1.00010349
0.6885438398 1.00018005
0.6888790014 1.00022849
0.6893123512 1.00020666
0.6896475290 1.00038686
0.6904160527 0.99956746
0.6908493671 1.00012658
0.6911845765 1.00007425
0.6916178751 0.99999238
0.6919530999 0.99986022
0.6923863831 0.99974971
0.6927216237 0.99958964
0.6931548873 0.99993606
0.6934901475 1.00006616
0.6939233990 1.00020796
0.6942586750 1.00002361
0.6946919070 1.00003516
0.6950271946 0.99991966
0.6954604112 0.99977122
0.6957957184 1.00002480
0.6962289229 0.99984229
0.6965642456 0.99999570
0.6969974309 1.00003959
0.6973327656 1.00022094
0.6977659426 1.00006725
0.6981012890 0.99977421
0.6985344469 1.00025687
0.6988698165 0.99996502
0.6996383361 0.99986367
0.7000714666 0.99976959
0.7004068595 1.00023621
0.7008399708 1.00004437
0.7011753833 1.00011409
0.7016084788 0.99961148
0.7019439067 0.99998890
0.7023769905 1.00012344
0.7027124301 0.99979786
0.7031454947 0.99997070
0.7034809535 0.99995388
0.7039140027 0.99993561
0.7042494769 1.00022683
0.7046825144 0.99995874
0.7050180003 0.99980003
0.7054510190 0.99990709
0.7057865237 1.00008365
0.7065550471 0.99994600
0.7069880387 1.00058285
0.7073235705 1.00013935
0.7080920976 0.99998253
0.7088606173 0.99997920
0.7092935630 1.00004964
0.7096291403 1.00005644
0.7100620672 1.00017877
0.7103976675 0.99997482
0.7108305790 1.00007982
0.7111661871 1.00003758
0.7115990870 0.99976488
0.7119347101 0.99998600
0.7123675953 1.00021490
0.7127032373 1.00020085
0.7131361033 0.99998385
0.7134717565 1.00001061
0.7139046113 1.00032144
0.7142402799 0.99987667
0.7146731234 0.99989209
0.7150088067 0.99998347
0.7154416313 1.00010635
0.7157773264 1.00005740
0.7162101359 0.99989644
0.7169786477 0.99976589
0.7173143762 1.00003289
0.7180828954 1.00020550
0.7185156602 0.99985058
0.7188514188 1.00000691
0.7192841720 1.00027288
0.7196199456 1.00016672
0.7200526803 0.99974836
0.7203884649 1.00006284
0.7208211845 0.99987874
0.7211569879 0.99972907
0.7215896967 1.00011533
0.7219255147 1.00017365
0.7223582009 1.00020987
0.7226940377 0.99995937
0.7231267130 1.00028306
0.7234625569 0.99990026
0.7238952210 1.00001032
0.7242310833 0.99998607
0.7246637255 1.00004054
0.7249996064 1.00008101
0.7254322377 1.00002313
0.7257681256 0.99981372
0.7262007456 1.00001987
0.7265366524 0.99988403
0.7269692502 1.00010396
0.7273051751 0.99996112
0.7277377620 0.99993685
0.7280736981 1.00000348
0.7285062703 1.00006449
0.7288422211 1.00020831
0.7292747787 0.99966588
0.7296107437 0.99994872
0.7300432870 0.99991430
0.7303792668 1.00005511
0.7308117950 0.99994842
0.7311477894 1.00016836
0.7315803071 0.99994852
0.7319163121 1.00002845
0.7323488117 1.00027920
0.7326848351 0.99979152
0.7331173197 0.99990260
0.7334533577 0.99975721
0.7338858318 0.99987269
0.7342218766 0.99995403
0.7346543401 1.00009126
0.7349904030 1.00003164
0.7354228447 1.00007041
0.7357589260 0.99987522
0.7365274487 1.00014824
0.7369598652 0.99984410
0.7372959713 1.00010857
0.7377283694 0.99981670
0.7380644940 1.00014194
0.7384968815 1.00015535
0.7388330166 0.99996473
0.7392653899 0.99996734
0.7396015430 1.00017555
0.7400338982 0.99967411
0.7403700619 1.00011130
0.7408024066 0.99996203
0.7411385842 0.99995323
0.7415709149 1.00000266
0.7419071106 0.99997289
0.7423394270 1.00009038
0.7426756295 1.00002434
0.7434441521 1.00031273
0.7438764400 0.99981640
0.7442126781 0.99982605
0.7446449483 0.99983398
0.7449811970 0.99993411
0.7457497193 1.00002246
0.7461819613 1.00007746
0.7465182457 1.00001897
0.7469504734 0.99976859
0.7472867642 0.99962117
0.7477189817 0.99989423
0.7480552868 0.99987832
0.7484874939 1.00019050
0.7488238129 0.99975742
0.7492559988 1.00001915
0.7495923314 0.99959859
