-0.2498301838 0.99997493 0
-0.2495395657 1.00012455 0
-0.2492489476 1.00009284 0
-0.2489583295 1.00042471 0
-0.2483770933 1.00000773 0
-0.2480864753 1.00010345 0
-0.2477958572 0.99999472 0
-0.247214621 1.00039539 0
-0.2469240029 0.99977387 0
-0.2466333849 0.99998502 0
-0.2460521487 0.9998809 0
-0.2457615306 1.00010897 0
-0.2448896764 1.00004515 0
-0.2445990583 1.00025676 0
-0.2443084402 1.00008354 0
-0.243727204 1.00023533 0
-0.2434365859 1.00002337 0
-0.2431459679 1.00009487 0
-0.2428553498 0.99997 0
-0.2422741136 1.00028145 0
-0.2419834955 0.99988144 0
-0.2414022594 1.00006865 0
-0.2411116413 0.99996465 0
-0.2408210232 0.99987867 0
-0.2405304051 0.9999232 0
-0.239949169 0.99989382 0
-0.2396585509 0.99980062 0
-0.2390773147 0.99996607 0
-0.2387866966 1.00005391 0
-0.2384960785 0.99969802 0
-0.2382054605 1.00006489 0
-0.2376242243 1.00038777 0
-0.2373336062 0.99984534 0
-0.2370429881 1.00006093 0
-0.236461752 0.99989355 0
-0.2358805158 0.9998445 0
-0.2352992796 0.99988401 0
-0.2350086616 1.00000331 0
-0.2347180435 1.00021754 0
-0.2341368073 1.00011561 0
-0.2338461892 1.00013656 0
-0.2335555711 1.00016518 0
-0.232974335 1.00004567 0
-0.2326837169 0.99991826 0
-0.2323930988 1.00043917 0
-0.2321024807 0.99948707 0
-0.2315212446 0.99977309 0
-0.2312306265 0.99996586 0
-0.2306493903 0.99967572 0
-0.2303587722 1.0001022 0
-0.2300681542 1.00013584 0
-0.2297775361 1.00031966 0
-0.2291962999 0.99986487 0
-0.2289056818 1.00014832 0
-0.2283244457 0.99999826 0
-0.2277432095 1.00003947 0
-0.2274525914 1.0000505 0
-0.2265807372 1.00011263 0
-0.2262901191 1.00028282 0
-0.2257088829 0.99988975 0
-0.2254182648 0.99976105 0
-0.2251276467 0.99995476 0
-0.2245464106 0.99995399 0
-0.2242557925 0.999988 0
-0.2239651744 1.00000903 0
-0.2233839383 1.00019643 0
-0.2230933202 0.99993648 0
-0.2228027021 1.00028442 0
-0.2219308478 0.9999375 0
-0.2216402298 0.99971334 0
-0.2210589936 1.00003355 0
-0.2207683755 1.00015053 0
-0.2204777574 0.99993649 0
-0.2198965213 0.99994901 0
-0.2196059032 0.99991189 0
-0.2193152851 0.99987092 0
-0.219024667 0.99991159 0
-0.2184434309 1.00000361 0
-0.2181528128 1.00022049 0
-0.2172809585 0.99989893 0
-0.2169903404 0.99967674 0
-0.2166997224 1.00020161 0
-0.2161184862 1.00014539 0
-0.2158278681 1.00008761 0
-0.21553725 1.00022278 0
-0.2149560139 0.99998409 0
-0.2146653958 1.00013521 0
-0.2143747777 1.00038105 0
-0.2137935415 1.00006011 0
-0.2135029235 0.999963 0
-0.2132123054 1.00002082 0
-0.2126310692 0.99976638 0
-0.2123404511 0.99988722 0
-0.212049833 0.99985036 0
-0.2114685969 0.99972027 0
-0.2111779788 1.0000678 0
-0.2108873607 0.99970889 0
-0.2103061245 0.99989169 0
-0.2100155065 1.00013109 0
-0.2091436522 1.00018799 0
-0.2088530341 1.0000001 0
-0.208562416 1.00002538 0
-0.208271798 1.00000124 0
-0.2076905618 0.99982824 0
-0.2073999437 1.00000016 0
-0.2068187076 1.00014721 0
-0.2065280895 0.99976245 0
-0.2062374714 0.99988713 0
-0.2059468533 1.00035042 0
-0.2053656171 0.999836 0
-0.2050749991 0.99984467 0
-0.2044937629 1.00001571 0
-0.2042031448 1.00041008 0
-0.2039125267 1.00012841 0
-0.2036219086 1.00012387 0
-0.2030406725 1.00001439 0
-0.2027500544 0.99971328 0
-0.2024594363 0.99985913 0
-0.2018782002 1.00042429 0
-0.2015875821 0.99988511 0
-0.201296964 1.00000099 0
-0.2007157278 1.00002604 0
-0.2001344917 1.00018136 0
-0.1995532555 1.00028319 0
-0.1989720193 0.9999623 0
-0.1983907832 1.00006412 0
-0.1981001651 0.99991219 0
-0.197809547 1.00018383 0
-0.1975189289 0.99997853 0
-0.1969376928 1.0000318 0
-0.1966470747 1.00022726 0
-0.1960658385 1.00027918 0
-0.1957752204 0.99999332 0
-0.1954846023 0.9998021 0
-0.1951939843 0.99990705 0
-0.1946127481 1.00015183 0
-0.19432213 1.00009045 0
-0.1937408938 0.99999324 0
-0.1934502758 1.00005771 0
-0.1931596577 1.00034027 0
-0.1928690396 1.00000781 0
-0.1922878034 1.00007682 0
-0.1919971853 0.99992258 0
-0.1917065673 0.99989606 0
-0.1911253311 0.99979702 0
-0.190834713 0.99996836 0
-0.1905440949 1.00019569 0
-0.1893816226 1.00002093 0
-0.1885097684 0.99980171 0
-0.1876379141 1.00049179 0
-0.187347296 0.99999025 0
-0.1870566779 0.99994167 0
-0.1864754418 0.99989133 0
-0.1861848237 0.99996469 0
-0.1858942056 0.99992311 0
-0.1853129695 0.9999968 0
-0.1850223514 0.99993864 0
-0.1847317333 1.00001913 0
-0.1844411152 0.99990178 0
-0.183859879 0.99998052 0
-0.183569261 1.00011198 0
-0.1829880248 1.00014054 0
-0.1826974067 1.00048107 0
-0.1824067886 1.00033328 0
-0.1821161705 1.00032008 0
-0.1815349344 0.99975549 0
-0.1812443163 1.00015774 0
-0.180081844 1.00002616 0
-0.1797912259 1.00009911 0
-0.1792099897 0.99991528 0
-0.1789193716 1.00012376 0
-0.1786287536 1.00010316 0
-0.1780475174 0.99988179 0
-0.1777568993 1.00017461 0
-0.1774662812 1.0001334 0
-0.1768850451 0.99991818 0
-0.176594427 0.99992619 0
-0.1763038089 0.9999853 0
-0.1757225727 0.99984583 0
-0.1754319546 1.00003551 0
-0.1751413366 0.99988756 0
-0.1745601004 1.00016217 0
-0.1742694823 0.99996745 0
-0.1739788642 0.99996861 0
-0.1736882462 1.00006292 0
-0.17310701 1.00019184 0
-0.1722351557 0.99986084 0
-0.1719445377 1.00022934 0
-0.1713633015 1.00010025 0
-0.1707820653 0.99981202 0
-0.1704914472 0.9998919 0
-0.1699102111 0.99986623 0
-0.169619593 0.99991163 0
-0.1693289749 1.00013946 0
-0.1690383568 0.99976433 0
-0.1684571207 0.99997118 0
-0.1681665026 1.00022846 0
-0.1678758845 0.99990006 0
-0.1672946483 0.99993712 0
-0.1670040303 1.00011729 0
-0.1667134122 1.00005735 0
-0.166132176 1.00006041 0
-0.1658415579 0.99999925 0
-0.1655509398 0.9999783 0
-0.1649697037 0.99982265 0
-0.1646790856 0.99993947 0
-0.1643884675 0.99978091 0
-0.1638072314 1.00033584 0
-0.1635166133 1.000033 0
-0.1632259952 0.99997297 0
-0.1629353771 1.0000542 0
-0.1620635229 1.00020023 0
-0.1614822867 0.9999196 0
-0.1611916686 1.00049346 0
-0.1609010505 0.9998056 0
-0.1606104324 1.00011265 0
-0.1600291963 1.0000952 0
-0.1597385782 1.00005684 0
-0.159157342 1.0005386 0
-0.1588667239 1.00001647 0
-0.1585761059 1.00001617 0
-0.1582854878 1.00005408 0
-0.1577042516 1.0000008 0
-0.1574136335 1.00009117 0
-0.1571230155 0.99984619 0
-0.1565417793 0.99996094 0
-0.1559605431 0.99992084 0
-0.155379307 0.99978549 0
-0.1550886889 1.00006053 0
-0.1547980708 1.00000871 0
-0.1539262165 1.00016831 0
-0.1536355985 1.00010824 0
-0.1527637442 1.00005504 0
-0.1524731261 1.00020863 0
-0.15189189 1.00005827 0
-0.1516012719 0.99991561 0
-0.1513106538 1.00004682 0
-0.1507294176 0.99996404 0
-0.1504387996 0.99961493 0
-0.1498575634 1.00012526 0
-0.1492763272 1.00030258 0
-0.1489857091 0.99999687 0
-0.148404473 1.00010097 0
-0.1481138549 0.99970702 0
-0.1478232368 1.00033033 0
-0.1475326187 0.99998148 0
-0.1469513826 0.9999198 0
-0.1466607645 0.99967718 0
-0.1457889102 1.00001527 0
-0.1454982922 1.00027427 0
-0.1452076741 0.9999852 0
-0.1446264379 0.99980264 0
-0.1443358198 1.00024223 0
-0.1434639656 1.00006681 0
-0.1431733475 0.99992063 0
-0.1428827294 0.99983265 0
-0.1423014932 0.9999452 0
-0.1420108752 0.99976429 0
-0.1417202571 1.00002121 0
-0.1411390209 1.00024138 0
-0.1408484028 1.00000058 0
-0.1405577848 0.99994014 0
-0.1399765486 1.00028385 0
-0.1396859305 0.99996204 0
-0.1393953124 0.99989743 0
-0.1385234582 1.00022024 0
-0.1382328401 0.9998078 0
-0.1376516039 0.999861 0
-0.1373609858 0.9999515 0
-0.1370703678 0.99974326 0
-0.1367797497 1.00021023 0
-0.1361985135 0.99980024 0
-0.1353266593 0.99984146 0
-0.134454805 1.00009751 0
-0.1338735689 1.00007564 0
-0.1332923327 1.0000987 0
-0.1327110965 1.00004282 0
-0.1324204784 1.00003846 0
-0.1321298604 0.9999853 0
-0.1315486242 0.99994573 0
-0.1312580061 0.99996754 0
-0.130967388 0.99988163 0
-0.1303861519 1.00009612 0
-0.1300955338 1.00011405 0
-0.1298049157 0.99997113 0
-0.1292236795 1.00006763 0
-0.1289330615 0.9997285 0
-0.1286424434 1.00013472 0
-0.1283518253 1.00005759 0
-0.1277705891 0.99992761 0
-0.127479971 1.00000664 0
-0.1268987349 1.00020673 0
-0.1263174987 0.99989293 0
-0.1260268806 1.00014341 0
-0.1251550264 1.00023188 0
-0.1245737902 1.0000853 0
-0.1242831721 1.00037619 0
-0.1239925541 1.00013413 0
-0.123701936 1.00016588 0
-0.1231206998 1.00003979 0
-0.1228300817 0.99998563 0
-0.1225394636 0.99972941 0
-0.1219582275 0.99978109 0
-0.1216676094 0.99999999 0
-0.1213769913 0.9997671 0
-0.1207957551 0.99999958 0
-0.1205051371 0.99999364 0
-0.120214519 0.99987274 0
-0.1196332828 0.99972444 0
-0.1193426647 0.99961048 0
-0.1190520467 0.99965546 0
-0.1184708105 0.99985442 0
-0.1181801924 1.00013366 0
-0.1178895743 0.99985517 0
-0.1170177201 0.99980764 0
-0.116727102 0.99988238 0
-0.1158552477 1.00009535 0
-0.1155646297 1.000048 0
-0.1152740116 1.00003663 0
-0.1146927754 1.00014741 0
-0.1144021573 0.99978182 0
-0.1138209212 1.00005218 0
-0.1135303031 1.0000131 0
-0.113239685 1.00014112 0
-0.1129490669 1.00003496 0
-0.1123678308 1.00019123 0
-0.1120772127 1.00001732 0
-0.1117865946 1.00027762 0
-0.1112053584 0.99984465 0
-0.1109147403 1.0002091 0
-0.1106241223 0.99993035 0
-0.1100428861 0.99993276 0
-0.109752268 1.00000463 0
-0.1094616499 1.00002138 0
-0.1088804138 1.0000421 0
-0.1085897957 0.99986526 0
-0.1077179414 0.99976664 0
-0.1074273234 1.00007372 0
-0.1065554691 0.999843 0
-0.106264851 1.00007033 0
-0.1059742329 0.9999769 0
-0.1053929968 0.99970542 0
-0.1051023787 0.99994836 0
-0.1048117606 0.99985337 0
-0.1045211425 1.00015289 0
-0.1039399064 0.99986981 0
-0.1036492883 1.00027892 0
-0.1030680521 0.99980465 0
-0.102777434 0.9999383 0
-0.102486816 1.0002629 0
-0.1021961979 1.00044355 0
-0.1016149617 1.00008371 0
-0.1013243436 1.00004461 0
-0.1007431075 1.00026461 0
-0.1004524894 1.00013397 0
-0.1001618713 1.00000864 0
-0.09987125321 0.9998952 0
-0.09929001705 0.99982691 0
-0.09899939896 0.99980367 0
-0.09870878088 0.99997706 0
-0.09812754472 1.00011063 0
-0.09754630855 0.99996088 0
-0.09696507239 1.00019073 0
-0.0966744543 0.99991348 0
-0.09638383622 1.0001502 0
-0.09580260006 1.00009654 0
-0.09551198197 0.99979459 0
-0.09522136389 0.99971199 0
-0.09464012773 1.00022855 0
-0.09434950964 1.0000111 0
-0.09405889156 1.00009748 0
-0.09376827348 0.99990536 0
-0.09318703731 0.99993619 0
-0.09289641923 1.00005196 0
-0.09231518307 0.99988401 0
-0.09202456498 0.99995131 0
-0.0917339469 1.00006935 0
-0.09144332882 0.99995187 0
-0.09086209265 0.99976133 0
-0.09057147457 1.00006305 0
-0.08999023841 1.00008191 0
-0.08969962032 0.99995182 0
-0.08940900224 1.00027217 0
-0.08911838416 1.00011508 0
-0.08824652991 0.99994584 0
-0.08795591183 0.99985932 0
-0.08737467566 1.00022379 0
-0.08708405758 0.99985588 0
-0.0867934395 1.00009458 0
-0.08621220333 1.0002032 0
-0.08592158525 0.99991411 0
-0.08563096717 0.99997376 0
-0.085049731 0.99998256 0
-0.08475911292 0.99998747 0
-0.08446849484 0.99992358 0
-0.08388725867 1.00014785 0
-0.08359664059 1.00007147 0
-0.08330602251 1.00025216 0
-0.08301540443 0.99981135 0
-0.08214355018 0.99975089 0
-0.08156231402 0.99975114 0
-0.08127169593 1.00029743 0
-0.08098107785 1.00010653 0
-0.0801092236 1.00044635 0
-0.07981860552 1.00006738 0
-0.07894675127 1.00023002 0
-0.07865613319 1.00014017 0
-0.07836551511 1.00014339 0
-0.07778427894 0.99993694 0
-0.07749366086 1.0000102 0
-0.07720304278 0.99993391 0
-0.07662180661 1.00003073 0
-0.07633118853 1.00054137 0
-0.07604057045 0.99998874 0
-0.07545933428 0.99962348 0
-0.0751687162 0.99981208 0
-0.07487809812 1.00002293 0
-0.07429686195 0.99984442 0
-0.07400624387 0.99996858 0
-0.07371562579 1.00002008 0
-0.07313438962 0.99974927 0
-0.07284377154 0.999652 0
-0.07255315346 1.0001419 0
-0.07197191729 1.00006852 0
-0.07168129921 1.00011184 0
-0.07139068113 0.99981046 0
-0.07080944496 0.99976246 0
-0.07051882688 1.00003806 0
-0.06993759072 0.99984325 0
-0.06935635455 0.999552 0
-0.06906573647 1.00007929 0
-0.0684845003 1.00007317 0
-0.06819388222 0.99967423 0
-0.06790326414 1.00051179 0
-0.06761264606 0.99994687 0
-0.06703140989 1.00024295 0
-0.06674079181 0.99993151 0
-0.06615955565 1.00049444 0
-0.06586893756 1.00011485 0
-0.06557831948 0.99992401 0
-0.0652877014 1.00006433 0
-0.06470646523 1.0000157 0
-0.06441584715 0.99993545 0
-0.06412522907 0.99999457 0
-0.0635439929 1.00000276 0
-0.06325337482 1.00044746 0
-0.06238152057 1.00019034 0
-0.06180028441 0.99992554 0
-0.06121904824 1.00008401 0
-0.06092843016 0.99981565 0
-0.06063781208 1.00021665 0
-0.06005657591 0.99979512 0
-0.05976595783 0.99999265 0
-0.05947533975 0.99999635 0
-0.05918472167 1.00005268 0
-0.0586034855 0.99986761 0
-0.05831286742 1.00008977 0
-0.05773163125 0.99981463 0
-0.05744101317 0.99998379 0
-0.05715039509 1.00004345 0
-0.05685977701 0.99979383 0
-0.05627854084 0.99996742 0
-0.05598792276 1.0002184 0
-0.05540668659 1.00025176 0
-0.05511606851 1.00025431 0
-0.05482545043 1.00026156 0
-0.05453483235 0.99993961 0
-0.05395359618 1.00013761 0
-0.0536629781 1.00002196 0
-0.05337236002 0.99999751 0
-0.05279112385 0.99990618 0
-0.05250050577 0.99996511 0
-0.05220988769 0.99982875 0
-0.05133803344 1.00002756 0
-0.05104741536 0.9998851 0
-0.05046617919 0.99957762 0
-0.05017556111 1.00035836 0
-0.04930370686 1.00053362 0
-0.04901308878 1.00016616 0
-0.0487224707 0.99998769 0
-0.04843185262 1.00027726 0
-0.04785061645 0.99992184 0
-0.04755999837 1.00034277 0
-0.0469787622 1.00003026 0
-0.04668814412 0.99986895 0
-0.04639752604 0.99971639 0
-0.04610690796 0.99990352 0
-0.04552567179 0.99983471 0
-0.04523505371 1.00018329 0
-0.04436319946 1.00014981 0
-0.04407258138 1.00015892 0
-0.04320072713 1.0003626 0
-0.04291010905 0.99998447 0
-0.0420382548 1.00012479 0
-0.04174763672 1.00008717 0
-0.04145701864 0.99986966 0
-0.04087578247 0.99984955 0
-0.04058516439 0.99988704 0
-0.04029454631 0.99982027 0
-0.03971331014 0.99998579 0
-0.03942269206 1.00013515 0
-0.03913207398 0.99983867 0
-0.03855083781 0.99995241 0
-0.03826021973 1.00053059 0
-0.03796960165 1.00003355 0
-0.03738836548 1.00004778 0
-0.0370977474 1.00022368 0
-0.03680712932 1.00004976 0
-0.03622589315 1.00013569 0
-0.03593527507 0.99993155 0
-0.03564465699 0.99998475 0
-0.0353540389 1.00031579 0
-0.03477280274 1.00000162 0
-0.03390094849 0.99987473 0
-0.03361033041 1.00011359 0
-0.03302909424 1.0000987 0
-0.03244785808 0.99944891 0
-0.03215724 0.99996148 0
-0.03157600383 0.99961547 0
-0.03128538575 1.00018628 0
-0.03099476767 0.99996707 0
-0.03070414959 0.99988352 0
-0.03012291342 0.99977884 0
-0.02983229534 1.00002724 0
-0.02954167726 0.99981177 0
-0.02896044109 0.99999466 0
-0.02866982301 0.99992107 0
-0.02837920493 0.9999136 0
-0.02779796876 1.00044481 0
-0.02750735068 1.00028754 0
-0.0272167326 1.00012464 0
-0.02663549643 0.99992706 0
-0.02634487835 1.00009929 0
-0.02605426027 0.99980847 0
-0.0254730241 1.00021556 0
-0.02518240602 0.99982367 0
-0.02489178794 1.0001165 0
-0.02460116985 1.00001545 0
-0.02401993369 0.99985472 0
-0.02372931561 0.99996117 0
-0.02314807944 1.0003227 0
-0.02285746136 1.00011056 0
-0.02256684328 1.00003123 0
-0.02227622519 0.99987302 0
-0.02169498903 0.99975816 0
-0.02140437095 1.00023461 0
-0.02082313478 0.99994406 0
-0.0205325167 1.00009701 0
-0.02024189862 0.99969385 0
-0.01995128053 1.00036074 0
-0.01937004437 1.00010915 0
-0.01907942629 1.00006727 0
-0.0187888082 1.00002668 0
-0.01820757204 1.00032288 0
-0.01791695396 0.99984505 0
-0.01704509971 0.99997665 0
-0.01675448163 0.99963895 0
-0.01646386354 0.99980157 0
-0.01530139121 0.9999563 0
-0.01442953697 1.00023976 0
-0.01413891888 0.9998214 0
-0.0138483008 0.99977689 0
-0.01326706464 0.99998886 0
-0.01297644656 0.99983952 0
-0.01239521039 1.00010703 0
-0.01210459231 0.99988147 0
-0.01181397423 1.00014911 0
-0.01152335614 1.00032522 0
-0.01094211998 1.00019406 0
-0.0106515019 0.99981145 0
-0.01007026573 1.00003743 0
-0.009779647648 0.99984942 0
-0.009489029566 1.00034636 0
-0.009198411483 1.00018429 0
-0.008617175318 1.00009697 0
-0.008326557236 1.00018608 0
-0.008035939153 0.99985075 0
-0.007454702988 0.99999866 0
-0.007164084906 1.00053646 0
-0.006292230659 1.00020785 0
-0.006001612576 1.00017713 0
-0.005129758329 1.00039081 0
-0.004839140246 0.99976826 0
-0.004548522164 1.00000118 0
-0.003967285999 0.99983353 0
-0.003676667916 1.00007686 0
-0.003386049834 0.99984506 0
-0.002804813669 1.00027317 0
-0.002514195587 1.00014508 0
-0.002223577504 1.00014128 0
-0.001642341339 0.99986 0
-0.001351723257 0.99985616 0
-0.001061105174 0.99963001 0
-0.0007704870919 0.99931328 0
-0.000189250927 0.99910137 0
0.0001013671555 0.99935617 0
0.0006826033204 0.99905422 0
0.0009732214029 0.99945177 0
0.001263839485 0.99995417 0
0.001554457568 1.00009255 0
0.002135693733 0.99968855 0
0.002426311815 0.99988423 0
0.00300754798 1.00021117 0
0.003298166063 0.99983816 0
0.003879402227 0.99986752 0
0.004460638392 1.00008742 0
0.004751256475 1.00026669 0
0.005041874557 1.00038089 0
0.005623110722 0.99992037 0
0.005913728805 1.00030632 0
0.006204346887 0.99995291 0
0.006785583052 1.00011328 0
0.007076201134 0.99994627 0
0.007366819217 1.00000075 0
0.007948055382 0.99997834 0
0.008238673464 0.99999852 0
0.008529291547 1.00011069 0
0.009110527712 0.99985262 0
0.009401145794 1.00009875 0
0.009691763877 0.99996028 0
0.009982381959 1.00017055 0
0.01056361812 1.00000164 0
0.01085423621 1.00004842 0
0.01143547237 0.99985622 0
0.01201670854 1.00013781 0
0.01288856278 1.0000892 0
0.01317918087 1.00002988 0
0.01376041703 1.00020083 0
0.01405103511 1.00014003 0
0.0143416532 1.00002551 0
0.01463227128 1.00002028 0
0.01521350744 0.99992024 0
0.01550412553 1.0000189 0
0.01579474361 0.9999447 0
0.01666659786 1.00014875 0
0.0175384521 0.99976265 0
0.01782907019 0.999802 0
0.01811968827 0.99986823 0
0.01870092443 0.99973662 0
0.01899154252 0.99964427 0
0.0192821606 0.99983034 0
0.01986339676 1.00011221 0
0.02015401485 0.99965347 0
0.02044463293 0.99979389 0
0.02073525101 0.99972195 0
0.02131648717 1.00026861 0
0.02160710526 1.0001502 0
0.0224789595 1.00051305 0
0.02276957759 1.00002562 0
0.02306019567 0.99989768 0
0.02364143183 1.00005471 0
0.02393204992 1.00040095 0
0.02451328608 1.00014504 0
0.02480390416 0.99998182 0
0.02538514033 1.00015751 0
0.02596637649 0.99996649 0
0.02625699458 0.99966967 0
0.02654761266 1.00007609 0
0.02712884882 1.00009683 0
0.02741946691 1.00016762 0
0.02771008499 0.99988587 0
0.02829132115 0.99986193 0
0.02858193924 0.99991183 0
0.02887255732 1.00006211 0
0.02945379348 0.99986108 0
0.02974441157 0.99987531 0
0.03003502965 1.00015633 0
0.03061626581 0.9999567 0
0.0309068839 0.99967978 0
0.03177873814 1.00005826 0
0.03206935623 1.00015458 0
0.03235997431 1.00002319 0
0.03294121047 0.99973896 0
0.03323182856 0.99992255 0
0.03352244664 0.99999854 0
0.03381306472 0.99993866 0
0.03439430089 1.00011608 0
0.03468491897 1.00002839 0
0.03526615513 1.00000107 0
0.03555677322 1.0001025 0
0.0358473913 1.00006849 0
0.03613800938 1.00003385 0
0.03671924555 0.9999944 0
0.03700986363 1.0002322 0
0.03759109979 1.0002944 0
0.03788171788 1.00006498 0
0.03817233596 1.00007696 0
0.0390441902 1.00010992 0
0.03962542637 1.00038412 0
0.04020666253 1.00006231 0
0.0407878987 0.99982428 0
0.04136913486 1.00006506 0
0.04195037103 0.9999261 0
0.04253160719 1.00000135 0
0.04282222528 1.00014106 0
0.04311284336 0.99975729 0
0.04369407952 1.00039326 0
0.04398469761 0.99992284 0
0.04427531569 1.00001041 0
0.04456593377 1.00002821 0
0.04514716994 0.99993851 0
0.04543778802 1.00044639 0
0.04601902418 0.99991226 0
0.04630964227 1.00017981 0
0.04660026035 1.00009964 0
0.04689087843 1.00031653 0
0.0474721146 1.00007492 0
0.04776273268 0.99979027 0
0.04834396884 1.00005521 0
0.04892520501 0.99995282 0
0.04921582309 0.99970156 0
0.05008767734 0.99978633 0
0.05037829542 1.00008666 0
0.05095953159 1.00005475 0
0.05125014967 1.00026149 0
0.05154076775 1.00001577 0
0.05212200392 0.9999489 0
0.052412622 0.99993143 0
0.05270324008 1.00009266 0
0.05328447625 0.9994503 0
0.05386571241 1.00004115 0
0.05444694858 0.9999779 0
0.05473756666 0.99984973 0
0.05502818474 1.00037084 0
0.05531880282 1.00007093 0
0.05590003899 0.99987791 0
0.05619065707 1.00017173 0
0.05677189323 0.99986006 0
0.05706251132 0.99995753 0
0.0573531294 1.00009991 0
0.05764374748 1.00022445 0
0.05822498365 1.00011825 0
0.05851560173 0.99982676 0
0.05938745598 0.99995762 0
0.05967807406 1.00006144 0
0.05996869214 0.999951 0
0.06054992831 0.99971806 0
0.06084054639 1.00009683 0
0.06113116447 0.99992014 0
0.06171240064 1.00011913 0
0.06200301872 1.00004383 0
0.0622936368 0.99990836 0
0.06287487297 0.9999861 0
0.06316549105 0.99999813 0
0.06345610913 0.99992219 0
0.0640373453 1.00029711 0
0.06432796338 1.00016494 0
0.06461858146 0.99993831 0
0.06519981763 0.99997833 0
0.06549043571 0.99993695 0
0.06578105379 1.00046349 0
0.06636228996 1.00001837 0
0.06694352612 1.00002403 0
0.06752476229 1.00028506 0
0.06781538037 1.00009248 0
0.06839661653 1.00000837 0
0.0689778527 1.00003552 0
0.06926847078 0.99999675 0
0.06984970695 0.99990868 0
0.07014032503 1.00000114 0
0.07043094311 0.99978217 0
0.07072156119 1.00003746 0
0.07130279736 1.0000839 0
0.07159341544 1.00016994 0
0.07217465161 0.99963788 0
0.07246526969 1.00008284 0
0.07275588777 0.99985202 0
0.07304650585 0.99951243 0
0.07362774202 0.99979339 0
0.0739183601 0.99975449 0
0.07420897818 0.99968246 0
0.07479021435 1.0000182 0
0.07508083243 1.00005831 0
0.07537145051 1.00005172 0
0.07595268668 1.00021301 0
0.07653392284 0.99977505 0
0.07711515901 1.00032847 0
0.07769639517 0.99992075 0
0.07827763134 0.99983921 0
0.07856824942 1.00010837 0
0.0788588675 1.00009151 0
0.07914948558 1.00027899 0
0.07973072175 1.00012157 0
0.08002133983 0.99992234 0
0.080602576 0.99996155 0
0.08089319408 0.99989261 0
0.08118381216 1.00010014 0
0.08147443024 1.00009362 0
0.08205566641 0.99998644 0
0.08234628449 1.00004021 0
0.08292752066 0.99998078 0
0.08321813874 1.00001536 0
0.08350875682 0.99998673 0
0.0837993749 1.00021612 0
0.08438061107 1.00002967 0
0.08467122915 1.00005478 0
0.08496184723 1.00016325 0
0.08583370148 1.00002324 0
0.08612431956 0.99997044 0
0.08699617381 0.99995297 0
0.08728679189 0.99987046 0
0.08786802806 0.99989129 0
0.08815864614 0.99994404 0
0.08844926422 1.00006832 0
0.08903050039 0.99995332 0
0.08932111847 0.99993164 0
0.08961173655 1.00024175 0
0.08990235464 1.00011216 0
0.0904835908 1.0000589 0
0.09077420888 0.99988687 0
0.09135544505 0.9999801 0
0.09164606313 0.99991141 0
0.09193668121 1.00008799 0
0.09222729929 0.99987063 0
0.09280853546 1.0000125 0
0.09309915354 0.99978988 0
0.09368038971 1.00014968 0
0.09397100779 1.00006138 0
0.09426162587 1.00009408 0
0.09513348012 0.99978234 0
0.0954240982 0.99998448 0
0.09629595245 0.99983708 0
0.09658657053 0.99998042 0
0.09687718861 1.00017325 0
0.09745842478 0.99985473 0
0.09774904286 1.00010919 0
0.09803966094 0.99995659 0
0.09862089711 1.0002672 0
0.09891151519 0.99992142 0
0.09920213327 0.99990691 0
0.09978336944 1.00005196 0
0.1000739875 1.00024243 0
0.1003646056 0.99977359 0
0.1009458418 1.00007431 0
0.1012364599 0.9999487 0
0.1015270779 0.99985347 0
0.1021083141 0.9997632 0
0.1023989322 0.99981236 0
0.1026895503 1.00013912 0
0.1029801683 0.99998278 0
0.1035614045 1.00004588 0
0.1038520226 1.00011222 0
0.1044332588 0.99990839 0
0.1047238768 0.99993365 0
0.105305113 0.99990261 0
0.1058863492 0.99996207 0
0.1061769673 0.99993047 0
0.1067582034 1.00026688 0
0.1070488215 1.00007415 0
0.1073394396 1.0000335 0
0.1076300577 1.00021361 0
0.1082112938 1.00001066 0
0.1085019119 0.99996359 0
0.10879253 1.00005539 0
0.1093737662 0.99999141 0
0.1096643842 0.99997913 0
0.1105362385 0.99997211 0
0.1108268566 1.00027956 0
0.1111174747 0.99984908 0
0.1116987108 1.00016219 0
0.1119893289 0.99960721 0
0.112279947 1.00013488 0
0.1128611831 1.00001917 0
0.1134424193 1.00002648 0
0.1146048916 0.99984373 0
0.1151861278 0.99995031 0
0.1154767459 0.99964601 0
0.115767364 1.00022008 0
0.1160579821 1.00007585 0
0.1166392182 0.9998672 0
0.1169298363 0.99997763 0
0.1175110725 1.00010011 0
0.1178016906 0.99997689 0
0.1180923086 0.99999271 0
0.1183829267 1.00005839 0
0.1189641629 1.00005523 0
0.119254781 0.99996357 0
0.119545399 0.99970477 0
0.1201266352 1.00004003 0
0.1204172533 1.00003229 0
0.1207078714 0.9999349 0
0.1212891075 1.00024933 0
0.1215797256 0.99989815 0
0.1218703437 1.00001645 0
0.122742198 1.0001769 0
0.123032816 0.99998911 0
0.1239046703 1.00021727 0
0.1241952884 1.0002076 0
0.1244859064 0.99988681 0
0.1250671426 1.00013434 0
0.1253577607 1.00048284 0
0.1259389969 0.99992206 0
0.1262296149 0.99998532 0
0.126520233 1.00010836 0
0.1268108511 0.99996281 0
0.1273920873 1.0000192 0
0.1276827054 1.00009217 0
0.1282639415 0.99988282 0
0.1285545596 0.99995738 0
0.1288451777 0.99983804 0
0.1291357958 0.99992233 0
0.1297170319 0.99978355 0
0.13000765 0.9998084 0
0.1302982681 0.99975786 0
0.1308795043 0.99992332 0
0.1311701223 0.99999868 0
0.1314607404 1.00018442 0
0.1320419766 0.99999669 0
0.1323325947 1.00022545 0
0.1332044489 0.99989871 0
0.133495067 1.0000234 0
0.1337856851 1.00009652 0
0.1343669213 1.00002989 0
0.1346575393 1.00017907 0
0.1349481574 0.99990424 0
0.1355293936 1.00009969 0
0.1358200117 1.0003085 0
0.1361106297 1.00018798 0
0.1366918659 0.9999784 0
0.136982484 0.99997281 0
0.1372731021 0.99981144 0
0.1375637202 0.99986065 0
0.1381449563 0.99983112 0
0.1384355744 0.99986724 0
0.1390168106 1.00032579 0
0.1393074287 0.99982953 0
0.1395980467 0.9999673 0
0.1398886648 1.00011382 0
0.140469901 1.00023823 0
0.1410511371 0.99996478 0
0.1416323733 0.99974693 0
0.1422136095 0.99989903 0
0.1427948456 1.00007234 0
0.1430854637 0.99990034 0
0.1433760818 1.00013178 0
0.143957318 0.9998717 0
0.1442479361 1.00005216 0
0.1445385541 0.99992894 0
0.1451197903 1.00000792 0
0.1454104084 1.0002679 0
0.1457010265 1.00002872 0
0.1462822626 1.00005022 0
0.1465728807 0.99999999 0
0.1468634988 0.9999407 0
0.147444735 1.00013792 0
0.147735353 0.99971761 0
0.1480259711 0.99993191 0
0.1483165892 1.00009312 0
0.1488978254 0.99997627 0
0.1491884435 1.0004958 0
0.1497696796 1.00008994 0
0.1503509158 0.99995105 0
0.1506415339 1.00010652 0
0.1515133881 0.99979971 0
0.1523852424 1.00015145 0
0.1526758604 1.00022301 0
0.1529664785 1.00002971 0
0.1535477147 1.00005856 0
0.1538383328 0.99994172 0
0.1541289509 1.00005886 0
0.154710187 1.00043585 0
0.1550008051 0.99995802 0
0.1552914232 0.99992262 0
0.1558726594 1.0001381 0
0.1561632774 0.99981818 0
0.1564538955 0.99979441 0
0.1570351317 1.00020871 0
0.1573257498 0.9999192 0
0.1576163678 0.99997464 0
0.158197604 0.99996476 0
0.1584882221 1.00009486 0
0.1587788402 1.00003896 0
0.1596506944 1.00024557 0
0.1599413125 0.99987022 0
0.1605225487 0.99992304 0
0.1608131668 1.00015354 0
0.1611037848 1.00015906 0
0.1613944029 0.99987998 0
0.1619756391 1.00004387 0
0.1622662572 1.00014453 0
0.1628474933 1.00001917 0
0.1631381114 1.00017986 0
0.1634287295 0.99983652 0
0.1637193476 0.99990051 0
0.1643005837 1.00031177 0
0.1645912018 1.0001004 0
0.1648818199 1.00017639 0
0.1654630561 0.99990397 0
0.1657536742 0.99997271 0
0.1660442922 1.00047427 0
0.1666255284 0.99995954 0
0.1669161465 1.00017943 0
0.1672067646 1.00017923 0
0.1677880007 1.00000341 0
0.1680786188 0.99995266 0
0.1683692369 0.9996926 0
0.1689504731 0.99989954 0
0.1692410911 0.99971904 0
0.1701129454 1.00002984 0
0.1704035635 0.99985653 0
0.1706941816 0.9995507 0
0.1712754177 0.99949486 0
0.1715660358 0.99997281 0
0.1718566539 1.00014369 0
0.172147272 1.00048315 0
0.1730191262 0.99987855 0
0.1736003624 0.99999342 0
0.1738909805 1.00000566 0
0.1741815985 1.00016032 0
0.1744722166 1.00009848 0
0.1750534528 0.99990836 0
0.1753440709 0.99978722 0
0.175634689 0.99999674 0
0.1762159251 0.99992786 0
0.1765065432 1.00005091 0
0.1767971613 1.00017773 0
0.1773783975 1.00015832 0
0.1779596336 1.00004541 0
0.1785408698 1.00024756 0
0.1788314879 0.9999823 0
0.1791221059 1.0000324 0
0.1797033421 1.0002931 0
0.1799939602 0.99986518 0
0.1802845783 1.00023209 0
0.1808658144 0.99990484 0
0.1811564325 1.00015461 0
0.1814470506 1.00020405 0
0.1820282868 0.9999476 0
0.1823189049 1.00024463 0
0.1826095229 1.00000427 0
0.182900141 1.00018214 0
0.1834813772 0.99985261 0
0.1837719953 0.99994654 0
0.1846438495 1.00023591 0
0.1849344676 0.9998372 0
0.1852250857 1.00006296 0
0.1858063218 0.99975143 0
0.1860969399 0.99984424 0
0.1866781761 0.99995362 0
0.1872594123 0.99962291 0
0.1875500303 0.99981835 0
0.1884218846 0.99999786 0
0.1887125027 0.99999291 0
0.1892937388 1.00004095 0
0.1895843569 1.00041515 0
0.189874975 0.99989944 0
0.1904562112 1.0000549 0
0.1907468292 1.00004768 0
0.1910374473 1.00012771 0
0.1916186835 1.00000801 0
0.1919093016 0.99964984 0
0.1921999197 1.00034796 0
0.1927811558 1.00005166 0
0.1930717739 1.00002699 0
0.193362392 1.00015934 0
0.1936530101 1.00022014 0
0.1942342462 0.99998944 0
0.1945248643 1.00023648 0
0.1951061005 0.99991138 0
0.1953967186 1.00000794 0
0.1956873367 1.00037629 0
0.1959779547 0.99974288 0
0.1965591909 0.99979924 0
0.196849809 0.99971572 0
0.1977216632 1.00002181 0
0.1980122813 1.000472 0
0.1983028994 0.99986788 0
0.1988841356 0.99959761 0
0.1991747536 1.00015078 0
0.1994653717 1.00014568 0
0.2000466079 0.99985139 0
0.200337226 1.00025324 0
0.2006278441 1.00003009 0
0.2012090802 0.99992079 0
0.2014996983 1.0000002 0
0.2017903164 0.99967579 0
0.2023715525 0.99992974 0
0.2026621706 1.00000809 0
0.2029527887 1.00015839 0
0.2035340249 1.0001534 0
0.203824643 1.00003224 0
0.204115261 0.9996753 0
0.2046964972 0.99980348 0
0.2049871153 1.00004531 0
0.2058589695 0.99997794 0
0.2061495876 1.00001101 0
0.2067308238 1.00017923 0
0.2073120599 1.00009975 0
0.207602678 1.00014739 0
0.2081839142 0.99987116 0
0.2084745323 1.00005312 0
0.2087651504 1.00019432 0
0.2090557684 0.99993695 0
0.2096370046 1.00015641 0
0.2099276227 1.00006809 0
0.2102182408 0.99999992 0
0.2107994769 0.99974921 0
0.211090095 0.99996912 0
0.2113807131 1.00013276 0
0.2119619493 0.99985975 0
0.2122525674 0.99972771 0
0.2125431854 0.99998433 0
0.2131244216 1.00010283 0
0.2134150397 1.00030531 0
0.2137056578 0.99998297 0
0.2142868939 0.9998306 0
0.214577512 1.00011768 0
0.2148681301 1.0005119 0
0.2154493663 0.99998717 0
0.2160306024 1.00034564 0
0.2166118386 1.00059207 0
0.2169024567 0.99991774 0
0.2171930748 1.00040928 0
0.2174836928 0.99990466 0
0.218064929 1.00030683 0
0.2183555471 1.00005135 0
0.2189367832 1.00024455 0
0.2192274013 0.99978046 0
0.2195180194 1.0002913 0
0.2198086375 0.99992915 0
0.2203898737 1.0000051 0
0.2206804917 1.00013541 0
0.2212617279 1.00009697 0
0.221552346 1.00026815 0
0.2218429641 1.00000851 0
0.2221335822 1.00000672 0
0.2227148183 0.9999808 0
0.2230054364 1.00042435 0
0.2232960545 0.99998777 0
0.2241679087 1.00032745 0
0.2244585268 1.00007424 0
0.2253303811 0.99999052 0
0.2262022353 0.99994434 0
0.2267834715 0.99984957 0
0.2276553257 0.99979891 0
0.2282365619 0.99992823 0
0.2299802704 0.99992272 0
0.2305615065 0.99984643 0
0.2314333608 1.00009643 0
0.232305215 0.99978946 0
0.2346301597 0.99996828 0
0.2352113959 0.9999752 0
0.2360832501 1.00021624 0
0.2369551044 1.00011542 0
0.2375363405 1.0001439 0
0.2384081948 1.00005014 0
0.239280049 0.9999863 0
0.2398612852 1.00019368 0
0.2407331394 1.00026899 0
0.2413143756 1.00009807 0
0.2421862298 0.99951981 0
0.2430580841 0.99979919 0
0.2436393203 0.99979782 0
0.2445111745 0.99992892 0
0.2453830288 1.00011055 0
0.2459642649 1.00003863 0
0.2468361192 0.99992991 0
0.2477079734 0.99999864 0
0.2482892096 0.99972796 0
0.2491610638 1.00027149 0
0.2500329181 1.00004568 0
0.2506141542 0.99995322 0
0.2520672446 0.9996445 0
0.2529390989 0.99994433 0
0.2535203351 0.99995356 0
0.2538109531 1.00016485 0
0.2541015712 0.99996429 0
0.2543921893 1.0002834 0
0.2549734255 0.9997973 0
0.2552640436 0.99971283 0
0.2558452797 0.99988702 0
0.2561358978 1.00034773 0
0.2564265159 0.99978827 0
0.256717134 1.00006256 0
0.2572983701 1.00024968 0
0.2575889882 0.99977873 0
0.2578796063 0.99975255 0
0.2587514605 0.99975226 0
0.2590420786 1.0002903 0
0.2596233148 1.00007773 0
0.2599139329 1.00017519 0
0.260204551 1.00005961 0
0.2610764052 1.00026828 0
0.2613670233 0.99981574 0
0.2622388775 1.00004531 0
0.2625294956 1.00006489 0
0.2628201137 1.00000945 0
0.2634013499 0.9998504 0
0.2636919679 0.99992896 0
0.2642732041 1.00005125 0
0.2645638222 0.99992676 0
0.2648544403 1.00019533 0
0.2651450584 0.99988285 0
0.2657262945 1.00003722 0
0.2660169126 0.99991511 0
0.2665981488 0.9998744 0
0.2668887669 1.0001392 0
0.2671793849 1.00017224 0
0.267470003 1.00008333 0
0.2680512392 1.00005579 0
0.2683418573 1.0000477 0
0.2686324753 1.00011457 0
0.2692137115 0.99985728 0
0.2695043296 0.99974635 0
0.2697949477 0.99989394 0
0.2703761838 0.99999129 0
0.2706668019 1.00003579 0
0.2715386562 0.99985685 0
0.2718292743 0.99997688 0
0.2721198923 0.99974077 0
0.2727011285 1.00024333 0
0.2729917466 0.99978939 0
0.2732823647 0.99999046 0
0.2738636008 1.00013086 0
0.2741542189 1.00001632 0
0.274444837 1.00013062 0
0.2750260732 1.00002686 0
0.2753166912 0.9999074 0
0.2756073093 0.99990334 0
0.2758979274 1.00036416 0
0.2764791636 1.00014376 0
0.2767697817 1.0001581 0
0.2773510178 1.0000666 0
0.2776416359 1.00016729 0
0.277932254 0.99992658 0
0.2782228721 1.00035525 0
0.2788041082 0.99990869 0
0.2793853444 1.00006855 0
0.2799665806 0.99990051 0
0.2805478167 0.99983317 0
0.2811290529 0.99991332 0
0.281419671 0.99983508 0
0.2817102891 1.00003654 0
0.2822915252 1.00011755 0
0.2825821433 0.99996902 0
0.2828727614 1.00001799 0
0.2834539976 1.00011351 0
0.2837446156 0.99990748 0
0.2840352337 1.00003632 0
0.2846164699 0.99989742 0
0.284907088 0.99994995 0
0.285197706 1.00025713 0
0.2857789422 0.99983569 0
0.2860695603 0.9997975 0
0.2863601784 1.00024869 0
0.2866507965 0.99982283 0
0.2872320326 0.99986493 0
0.2881038869 0.99971473 0
0.2889757411 1.00004089 0
0.2898475954 1.00004784 0
0.2904288315 0.99988932 0
0.2907194496 0.99988095 0
0.2910100677 1.00021251 0
0.2913006858 1.00002034 0
0.2918819219 0.99996669 0
0.29217254 1.00004902 0
0.2924631581 0.99977613 0
0.2930443943 0.99993612 0
0.2933350124 1.0000897 0
0.2936256304 1.00011308 0
0.2942068666 0.99998111 0
0.2944974847 0.99997306 0
0.2947881028 1.00004708 0
0.2953693389 1.00022089 0
0.295659957 0.99984678 0
0.2959505751 1.00001552 0
0.2965318113 1.00024312 0
0.2968224293 1.00003547 0
0.2971130474 1.00055664 0
0.2979849017 1.00010114 0
0.299147374 1.0001845 0
0.2997286102 0.99995485 0
0.3006004644 0.99996706 0
0.3014723187 0.99989232 0
0.3020535548 0.99997391 0
0.3029254091 1.00017614 0
0.3037972633 1.00016029 0
0.3043784995 0.99987955 0
0.3052503537 0.99976352 0
0.306122208 1.00026992 0
0.3084471526 0.99962425 0
0.3087377707 0.99974811 0
0.3090283888 1.00003707 0
0.309609625 0.99975213 0
0.3099002431 0.99994139 0
0.3101908611 1.00006101 0
0.3104814792 1.00004584 0
0.3110627154 0.99986476 0
0.3113533335 1.00019686 0
0.3119345696 1.00041438 0
0.3122251877 0.99996952 0
0.3125158058 1.0000289 0
0.3128064239 1.00027745 0
0.31338766 1.0001691 0
0.3136782781 1.00009331 0
0.3139688962 0.99985022 0
0.3145501324 1.00005593 0
0.3148407505 0.99999564 0
0.3151313685 1.00016525 0
0.3157126047 1.00000792 0
0.3160032228 0.99997416 0
0.3162938409 1.0003546 0
0.316875077 1.00017418 0
0.3171656951 0.99997437 0
0.3174563132 1.00023271 0
0.3180375494 1.00001035 0
0.3183281674 1.00000316 0
0.3186187855 0.99992164 0
0.3192000217 1.00003716 0
0.3194906398 0.99993381 0
0.3197812579 1.00036608 0
0.320362494 0.99978825 0
0.3206531121 0.99995326 0
0.3209437302 0.99996626 0
0.3212343483 0.99993983 0
0.3218155844 0.99979772 0
0.3221062025 0.99987883 0
0.3226874387 1.00004605 0
0.3229780568 0.99976267 0
0.3232686748 1.00021064 0
0.3235592929 0.99958108 0
0.3241405291 1.00032892 0
0.3244311472 0.99971921 0
0.3250123833 0.99998212 0
0.3255936195 0.99995096 0
0.3258842376 0.9999736 0
0.3267560918 0.99987843 0
0.3270467099 0.9999124 0
0.3276279461 1.00032302 0
0.3279185642 1.00000145 0
0.3282091823 0.9998966 0
0.3287904184 1.00003559 0
0.3290810365 0.99981807 0
0.3293716546 1.00023867 0
0.3299528907 1.00005315 0
0.3302435088 1.00006787 0
0.3305341269 0.99998974 0
0.3311153631 1.00010948 0
0.3314059812 1.00016245 0
0.3316965992 1.0001405 0
0.3319872173 1.0000476 0
0.3325684535 0.99976858 0
0.3334403077 1.00000164 0
0.3337309258 1.00015363 0
0.3340215439 0.99982972 0
0.334312162 1.00060786 0
0.3348933981 1.00005373 0
0.3351840162 1.00029794 0
0.3360558705 0.99977842 0
0.3363464886 0.9998059 0
0.3372183428 0.99990338 0
0.3375089609 0.99996981 0
0.337799579 0.99997663 0
0.3383808151 0.9998753 0
0.3386714332 0.99988485 0
0.3389620513 0.9999414 0
0.3395432875 1.00010411 0
0.3398339055 0.99997081 0
0.3401245236 1.00008175 0
0.3407057598 1.00000785 0
0.3409963779 0.99999154 0
0.341286996 0.99994498 0
0.3418682321 0.99982356 0
0.3421588502 0.99966901 0
0.3424494683 1.00001286 0
0.3430307045 0.99960287 0
0.3433213225 1.00015222 0
0.3441931768 1.00000568 0
0.3444837949 0.99987658 0
0.345065031 1.00007698 0
0.3456462672 1.00012013 0
0.3459368853 0.99999593 0
0.3465181214 0.99996395 0
0.3468087395 0.99991322 0
0.3470993576 0.99990119 0
0.3473899757 1.00022767 0
0.3479712119 0.99995877 0
0.3482618299 1.00029411 0
0.348552448 1.00000217 0
0.3491336842 1.00011928 0
0.3494243023 1.00026045 0
0.3497149204 1.00005087 0
0.3502961565 0.99979321 0
0.3505867746 0.99996816 0
0.3508773927 0.99989837 0
0.3514586288 1.00014076 0
0.3517492469 1.00019785 0
0.352039865 0.99993653 0
0.3526211012 0.99974854 0
0.3532023373 1.00009889 0
0.3537835735 1.00015798 0
0.3543648097 1.00005055 0
0.3552366639 1.00007756 0
0.355527282 0.9999179 0
0.3558179001 1.00003185 0
0.3563991362 1.00011747 0
0.3566897543 1.00000772 0
0.3572709905 0.99949132 0
0.3575616086 0.99993326 0
0.3578522267 1.00042516 0
0.3581428447 0.99994213 0
0.3587240809 0.99967408 0
0.359014699 0.999949 0
0.3595959352 1.00014312 0
0.3598865532 1.00025198 0
0.3601771713 1.00017419 0
0.3604677894 0.99983035 0
0.3610490256 1.00010777 0
0.3613396437 0.99989327 0
0.3616302617 0.99988801 0
0.3622114979 0.99978915 0
0.362502116 1.00016782 0
0.3627927341 0.99992899 0
0.3633739702 0.99998148 0
0.3636645883 1.000245 0
0.3639552064 0.99993184 0
0.3645364426 0.99999472 0
0.3648270606 1.00024308 0
0.3651176787 1.00023373 0
0.3656989149 0.99991083 0
0.365989533 1.00000922 0
0.3662801511 1.00019535 0
0.3665707691 1.00017334 0
0.3671520053 1.00000927 0
0.3674426234 1.00025903 0
0.3680238595 0.99997711 0
0.3683144776 1.00004467 0
0.3686050957 0.99995139 0
0.3688957138 1.00011307 0
0.36947695 0.9999633 0
0.369767568 1.0000908 0
0.3703488042 1.00006754 0
0.3706394223 0.99984934 0
0.3709300404 0.99990148 0
0.3718018946 1.00014031 0
0.3720925127 0.99987745 0
0.3729643669 1.00004867 0
0.373254985 1.0000955 0
0.3735456031 0.99993652 0
0.3741268393 0.99992492 0
0.3744174574 0.99998054 0
0.3747080754 1.0003322 0
0.3752893116 0.9997418 0
0.3755799297 1.00009003 0
0.3758705478 0.99995492 0
0.3764517839 1.00008566 0
0.376742402 0.99975141 0
0.3770330201 1.00012058 0
0.3776142563 1.00002684 0
0.3779048744 1.00006538 0
0.3781954924 0.99991858 0
0.3787767286 1.00007368 0
0.3790673467 1.00021464 0
0.3793579648 0.99990659 0
0.3796485828 1.00058919 0
0.3813922913 1.00003165 0
0.3819735275 1.00007527 0
0.3828453818 1.00023729 0
0.383717236 0.99996632 0
0.3842984722 1.0001682 0
0.3851703264 1.00020898 0
0.3860421807 1.00004604 0
0.3866234168 1.00034636 0
0.3874952711 1.00012214 0
0.3883671253 0.99978489 0
0.3889483615 0.99995017 0
0.3898202157 0.99988991 0
0.3904014519 1.00025817 0
0.3912733061 1.00026493 0
0.3921451604 0.99999389 0
0.3927263966 1.00016939 0
0.3935982508 1.00009941 0
0.3944701051 1.00016219 0
0.3950513412 0.99997593 0
0.3959231955 1.00028134 0
0.3967950497 1.00026412 0
0.3973762859 1.00000411 0
0.3982481401 1.00051399 0
0.3997012305 0.99989927 0
0.4005730848 1.00007229 0
0.4011543209 1.00002586 0
0.4020261752 0.999659 0
0.4028980294 0.99996519 0
0.4034792656 0.99975184 0
0.4043511199 0.99999641 0
0.4058042103 1.00006314 0
0.4066760645 1.00000995 0
0.4075479188 0.99979737 0
0.4090010092 0.99989827 0
0.4098728634 1.00017818 0
0.4104540996 1.00009656 0
0.4113259538 0.99998033 0
0.4121978081 0.99998058 0
0.4127790442 1.00002459 0
0.4136508985 0.99989744 0
0.4142321347 0.99981517 0
0.4151039889 1.00026478 0
0.4159758432 1.00007811 0
0.4165570793 0.99966107 0
0.4174289336 1.00011685 0
0.4183007878 0.99973343 0
0.418882024 1.00004514 0
0.4197538782 1.00043221 0
0.4206257325 1.00028457 0
0.4212069686 1.00013672 0
0.4220788229 0.99988963 0
0.4229506771 0.99961182 0
0.4235319133 0.99996227 0
0.4244037675 1.00028681 0
0.4249850037 1.00012738 0
0.4273099484 0.99978611 0
0.4281818026 1.00019322 0
0.4290536569 0.99990599 0
0.429634893 0.99990797 0
0.4305067473 0.99987316 0
0.4313786015 1.00001103 0
0.4319598377 0.99968713 0
0.4328316919 0.99999382 0
0.4337035462 1.00001994 0
0.4342847823 1.00003996 0
0.4351566366 0.99987785 0
0.4357378728 1.00009717 0
0.436609727 0.99987287 0
0.4380628174 1.00006059 0
0.4389346717 1.00007756 0
0.4398065259 0.99991004 0
0.4403877621 0.99968901 0
0.4412596163 0.99964549 0
0.4421314706 1.00010866 0
0.4427127067 0.99996761 0
0.443584561 1.00040356 0
0.4459095056 0.99988278 0
0.4467813599 0.99998478 0
0.4473625961 1.00007833 0
0.4482344503 1.00015623 0
0.4488156865 1.00012038 0
0.4496875407 0.99987661 0
0.450559395 1.00012665 0
0.4511406311 1.00001744 0
0.4520124854 1.00003321 0
0.4528843396 0.99971656 0
0.4534655758 0.99997106 0
0.4552092843 0.99977433 0
0.4557905205 0.99968762 0
0.4566623747 0.99967177 0
0.4575342289 0.99965395 0
0.4581154651 0.99982772 0
0.4589873194 1.00009096 0
0.4595685555 1.00024242 0
0.4604404098 1.00037017 0
0.461312264 1.0003533 0
0.4627653544 0.99977811 0
0.4642184448 1.00008176 0
0.4650902991 1.00017969 0
0.4659621533 0.99987033 0
0.4665433895 0.99970465 0
0.4674152437 1.00001664 0
0.468287098 1.00006865 0
0.4688683342 1.00026834 0
0.4697401884 1.00004887 0
0.4703214246 1.00000188 0
0.4711932788 0.99997057 0
0.4720651331 0.99972288 0
0.4735182235 0.9999599 0
0.4743900777 0.99984625 0
0.4749713139 1.00007132 0
0.4758431681 1.00000773 0
0.4767150224 0.99999369 0
0.4772962586 0.99976255 0
0.4781681128 1.0001476 0
0.479039967 0.99983971 0
0.4796212032 1.00021529 0
0.4804930575 1.00002794 0
0.4810742936 0.99995758 0
0.4828180021 1.00029625 0
0.4833992383 1.00013883 0
0.4842710925 1.00002192 0
0.4851429468 0.99971225 0
0.4857241829 0.9999701 0
0.4865960372 0.99999528 0
0.4874678914 1.00014347 0
0.4880491276 1.00031728 0
0.4889209819 0.99996032 0
0.4897928361 1.00024789 0
0.4903740723 0.9999851 0
0.4912459265 0.99988856 0
0.4921177808 0.99994797 0
0.4926990169 0.99987228 0
0.4935708712 0.99974252 0
0.4941521073 0.99961449 0
0.4950239616 0.99986088 0
0.4958958158 0.99993 0
0.496477052 0.9997919 0
0.4973489062 1.00025554 0
0.4982207605 0.99999641 0
0.4988019967 1.00029785 0
0.4996738509 0.99997983 0
0.5002550871 1.00022695 0
0.5005457051 0.99998885 0
0.5011269413 0.99965936 0
0.5014175594 0.99997301 0
0.5017081775 0.9998931 0
0.5019987956 1.00007277 0
0.5025800317 0.99997715 0
0.5028706498 1.00000908 0
0.503451886 1.00050005 0
0.5037425041 0.99964254 0
0.5040331221 1.00022856 0
0.5043237402 0.99987175 0
0.5049049764 0.99980192 0
0.5051955945 1.00011363 0
0.5060674487 1.00005363 0
0.5063580668 1.00005843 0
0.5066486849 1.00016965 0
0.507229921 0.99998888 0
0.5075205391 1.00011757 0
0.5078111572 1.00006631 0
0.5086830115 0.99994366 0
0.5089736295 1.0000053 0
0.5095548657 1.0002611 0
0.5098454838 1.00020871 0
0.5101361019 1.00015163 0
0.510717338 0.99992319 0
0.5110079561 1.00011068 0
0.5112985742 1.00002432 0
0.5118798104 0.99996689 0
0.5121704284 1.00017437 0
0.5124610465 0.9999042 0
0.5127516646 0.99997564 0
0.5133329008 0.99983998 0
0.514204755 1.00011122 0
0.5144953731 1.00004838 0
0.5150766093 0.99999085 0
0.5156578454 1.00007285 0
0.5159484635 0.9999672 0
0.5165296997 0.99997997 0
0.5168203178 1.00009952 0
0.5171109358 0.99977756 0
0.5174015539 0.9997944 0
0.5179827901 1.00010879 0
0.5182734082 0.99985532 0
0.5185640263 0.99996723 0
0.5191452624 0.99991546 0
0.5194358805 0.99984739 0
0.5197264986 1.00000776 0
0.5203077348 1.00041276 0
0.5205983528 0.99994262 0
0.5208889709 1.00005643 0
0.5214702071 1.00005267 0
0.5217608252 0.9998984 0
0.5220514433 0.99972798 0
0.5226326794 1.00015297 0
0.5229232975 0.99987949 0
0.5232139156 1.00000378 0
0.5235045337 1.00036826 0
0.5243763879 0.99973134 0
0.5249576241 0.99990465 0
0.5252482422 1.00026388 0
0.5255388602 0.99994487 0
0.5258294783 1.00016672 0
0.5264107145 1.00006964 0
0.5267013326 1.00017981 0
0.5272825687 1.00006674 0
0.5275731868 1.00007619 0
0.5278638049 1.00003114 0
0.528154423 1.00010555 0
0.5287356591 0.99995734 0
0.5290262772 1.00007028 0
0.5296075134 0.99990646 0
0.5298981315 1.00009576 0
0.5301887496 1.00012799 0
0.5304793676 1.00051579 0
0.5310606038 1.00009892 0
0.5313512219 1.00036649 0
0.53164184 0.99982171 0
0.5325136942 0.99976245 0
0.5328043123 0.99962165 0
0.5336761665 1.00025423 0
0.5339667846 1.00002283 0
0.5345480208 1.00000339 0
0.5348386389 0.99980759 0
0.535129257 0.99981051 0
0.5357104931 1.00023214 0
0.5360011112 0.99944851 0
0.5362917293 0.99954886 0
0.5365823474 0.99949025 0
0.5371635835 0.99999626 0
0.5374542016 0.99969794 0
0.5380354378 0.99997753 0
0.5383260559 0.99977105 0
0.538616674 0.99985109 0
0.538907292 0.99967142 0
0.5394885282 1.00011774 0
0.5397791463 0.99995157 0
0.5403603824 1.00010363 0
0.5406510005 0.99964508 0
0.5409416186 0.99992411 0
0.5412322367 0.99978508 0
0.5418134729 1.00005219 0
0.5421040909 1.00001158 0
0.5429759452 0.99979079 0
0.5432665633 0.99983361 0
0.5435571814 1.00015128 0
0.5441384175 1.00003074 0
0.5444290356 1.00007655 0
0.5447196537 1.00001368 0
0.5453008898 0.99999027 0
0.5455915079 1.00009378 0
0.545882126 1.00012667 0
0.5464633622 1.00003613 0
0.5467539803 1.00045724 0
0.5470445983 1.0000578 0
0.5473352164 1.00030522 0
0.5479164526 0.99976337 0
0.5482070707 1.00027886 0
0.5487883068 1.00007241 0
0.5490789249 1.00049899 0
0.549369543 0.9998561 0
0.5496601611 1.00026534 0
0.5502413972 0.9999176 0
0.5511132515 0.99994731 0
0.5514038696 1.0002278 0
0.5519851057 1.00025024 0
0.5525663419 1.00008374 0
0.55285696 0.99980401 0
0.5531475781 0.99998888 0
0.5537288142 1.00001125 0
0.5540194323 1.00000811 0
0.5543100504 0.99984377 0
0.5548912866 1.00013501 0
0.5551819047 1.00039641 0
0.5554725227 0.99988719 0
0.5560537589 0.99999118 0
0.556344377 0.9999564 0
0.5566349951 0.99964418 0
0.5572162312 1.00013545 0
0.5575068493 0.99987843 0
0.5577974674 1.00010096 0
0.5580880855 1.00016753 0
0.5586693216 0.99961418 0
0.5589599397 1.00010061 0
0.5595411759 1.00006326 0
0.559831794 1.00006498 0
0.5601224121 0.99998857 0
0.5604130301 0.99994435 0
0.5612848844 1.0002048 0
0.5621567386 0.99981243 0
0.5624473567 1.00001101 0
0.5627379748 0.99994726 0
0.563319211 1.00002989 0
0.563609829 1.00004384 0
0.5639004471 0.99971962 0
0.5644816833 1.00014524 0
0.5647723014 1.0000892 0
0.5650629195 1.00015331 0
0.5656441556 1.00001356 0
0.5659347737 1.00000406 0
0.5662253918 0.99996442 0
0.567097246 1.00005299 0
0.5673878641 1.00005317 0
0.5679691003 0.99989334 0
0.5682597184 1.00029316 0
0.5685503364 0.99967398 0
0.5694221907 0.99987766 0
0.5697128088 0.99997775 0
0.570584663 0.99989212 0
0.5708752811 1.00003124 0
0.5711658992 0.99991602 0
0.5717471354 0.99972062 0
0.5720377534 1.00020336 0
0.5726189896 0.99991253 0
0.5729096077 1.00002171 0
0.5732002258 0.99968879 0
0.5734908438 1.00004096 0
0.57407208 0.99978538 0
0.5743626981 1.00002926 0
0.5749439343 1.00017977 0
0.5752345523 0.99997308 0
0.5755251704 1.00003437 0
0.5758157885 0.99979138 0
0.5763970247 1.0001416 0
0.5766876428 0.99975429 0
0.5769782608 1.00028908 0
0.577559497 1.00002507 0
0.5778501151 1.00037433 0
0.5787219693 1.00022552 0
0.5790125874 1.00000688 0
0.5798844417 0.99975944 0
0.5801750597 0.99991488 0
0.5804656778 1.00008033 0
0.581046914 1.0001793 0
0.5813375321 0.99991199 0
0.5816281502 0.9998787 0
0.5819187682 1.00018029 0
0.5825000044 0.99997403 0
0.5827906225 1.00007635 0
0.5833718586 0.9998965 0
0.5836624767 1.00002592 0
0.5839530948 0.99981105 0
0.5842437129 1.00007932 0
0.5848249491 0.9999495 0
0.5851155671 1.00015066 0
0.5856968033 0.99963475 0
0.5859874214 0.9998865 0
0.5862780395 0.99992704 0
0.5865686576 1.00000533 0
0.5871498937 1.00010253 0
0.5874405118 1.00029271 0
0.5877311299 0.99992327 0
0.5883123661 1.00003725 0
0.5888936022 0.99991942 0
0.5894748384 1.00003308 0
0.5897654565 0.99975976 0
0.5900560745 1.00012726 0
0.5906373107 1.00014734 0
0.5912185469 0.99993592 0
0.591799783 0.99973354 0
0.5920904011 0.99962528 0
0.5923810192 1.00007306 0
0.5926716373 0.99993499 0
0.5932528735 0.99977507 0
0.5935434915 1.00021939 0
0.5941247277 1.00021658 0
0.5944153458 0.99990631 0
0.5947059639 0.99999142 0
0.5949965819 1.00003656 0
0.5955778181 1.00004406 0
0.5958684362 1.00011014 0
0.5964496724 1.0000528 0
0.5967402904 1.00017649 0
0.5970309085 1.00016337 0
0.5973215266 0.99990997 0
0.5981933809 1.00007297 0
0.5984839989 0.9998803 0
0.5990652351 1.0000252 0
0.5993558532 1.00018336 0
0.5996464713 0.99987457 0
0.6002277074 1.00000661 0
0.6005183255 0.99996838 0
0.6008089436 0.99968768 0
0.6013901798 1.00023453 0
0.6016807978 1.00007561 0
0.6019714159 0.99980513 0
0.6025526521 1.00007264 0
0.6028432702 0.99997788 0
0.6031338883 0.99968761 0
0.6037151244 0.99985749 0
0.6040057425 1.00010478 0
0.6042963606 0.99994008 0
0.6048775968 0.999946 0
0.6051682148 0.99998536 0
0.6054588329 0.99976386 0
0.6063306872 0.99998471 0
0.6074931595 1.00027046 0
0.6077837776 0.99977045 0
0.6086556318 1.00018989 0
0.6089462499 0.99993403 0
0.6095274861 1.00005956 0
0.6098181042 0.99986688 0
0.6101087222 1.00002308 0
0.6103993403 0.99994929 0
0.6109805765 0.99981505 0
0.6112711946 1.00001082 0
0.6115618126 0.99993716 0
0.6121430488 1.00012649 0
0.6124336669 0.99990148 0
0.612724285 1.00019696 0
0.6133055211 0.99979532 0
0.6135961392 1.00025541 0
0.6138867573 1.00011039 0
0.6144679935 1.00026431 0
0.6147586116 0.99993813 0
0.6150492296 0.99999372 0
0.6156304658 1.00025833 0
0.6159210839 1.00004098 0
0.61650232 0.99985415 0
0.6173741743 1.00011505 0
0.6179554105 1.00022895 0
0.6182460285 1.00004758 0
0.6185366466 0.99996549 0
0.6188272647 0.99979814 0
0.6194085009 1.00020675 0
0.619699119 0.99999662 0
0.6202803551 0.99990142 0
0.6205709732 0.99996553 0
0.6208615913 1.00006807 0
0.6211522094 0.99978702 0
0.6217334455 1.00003852 0
0.6220240636 1.00031593 0
0.6223146817 0.99993483 0
0.6228959179 1.00004433 0
0.6231865359 1.00038762 0
0.623477154 1.00014085 0
0.6240583902 1.00012677 0
0.6243490083 0.999788 0
0.6246396264 0.99985651 0
0.6252208625 0.99994997 0
0.6258020987 0.99990558 0
0.6263833349 0.9999119 0
0.6266739529 0.99999728 0
0.626964571 1.00051561 0
0.6272551891 0.99985833 0
0.6278364253 1.00022375 0
0.6281270433 0.99976239 0
0.6287082795 0.99967462 0
0.6289988976 1.00005199 0
0.6292895157 0.99997106 0
0.6295801338 1.00006455 0
0.6301613699 1.00015062 0
0.630451988 1.00038169 0
0.6310332242 1.00003171 0
0.6313238423 0.99997952 0
0.6316144603 1.00010983 0
0.6319050784 1.00003508 0
0.6324863146 1.00021624 0
0.6327769327 1.00034433 0
0.6330675507 1.00045812 0
0.6336487869 0.99991116 0
0.6342300231 1.00011864 0
0.6351018773 1.0001677 0
0.6359737316 0.99995039 0
0.6362643497 0.9999067 0
0.6365549677 0.99999246 0
0.6371362039 1.00000618 0
0.637426822 0.99990263 0
0.6377174401 0.9998595 0
0.6382986762 0.99973713 0
0.6385892943 1.00017911 0
0.6388799124 0.99997915 0
0.6394611486 1.00007398 0
0.6397517666 1.0004256 0
0.6400423847 0.99990766 0
0.6403330028 1.00010601 0
0.6412048571 1.00018099 0
0.6417860932 1.00007366 0
0.6423673294 1.00022682 0
0.6432391836 1.00005667 0
0.6435298017 1.00006746 0
0.644401656 1.00018664 0
0.644692274 1.00009457 0
0.6449828921 0.99996371 0
0.6455641283 0.99987855 0
0.6458547464 0.99975392 0
0.6461453645 0.9999479 0
0.6467266006 0.9999581 0
0.6470172187 1.00018484 0
0.6473078368 0.99981946 0
0.647889073 1.00003498 0
0.648179691 0.99989632 0
0.6484703091 0.99983428 0
0.6490515453 1.00003323 0
0.6493421634 1.0000443 0
0.6496327815 1.00003263 0
0.6502140176 0.99954019 0
0.6505046357 1.00025887 0
0.6507952538 1.00007314 0
0.6510858719 0.9999436 0
0.651667108 1.00004877 0
0.6519577261 1.00009895 0
0.6525389623 1.00005581 0
0.6528295804 0.99988055 0
0.6534108165 1.00010024 0
0.6539920527 0.99976442 0
0.6542826708 1.00010892 0
0.6548639069 0.99979459 0
0.655154525 1.00004355 0
0.6554451431 1.00015536 0
0.6557357612 1.00007089 0
0.6563169973 1.0001514 0
0.6566076154 0.99994372 0
0.6568982335 1.00034118 0
0.6574794697 1.00000526 0
0.6577700878 0.99989739 0
0.6580607058 1.00039505 0
0.658641942 1.00007801 0
0.6589325601 1.00019089 0
0.6592231782 1.00016802 0
0.6598044143 0.99983761 0
0.6600950324 0.9999717 0
0.6603856505 0.99995469 0
0.6609668867 1.00000016 0
0.6612575047 0.99987988 0
0.6615481228 0.99999654 0
0.6618387409 1.00002381 0
0.6627105952 1.00044707 0
0.6632918313 1.00005777 0
0.6635824494 1.00053044 0
0.6638730675 0.99988659 0
0.6641636856 1.00024005 0
0.6647449217 1.00002113 0
0.6650355398 1.0002055 0
0.665616776 0.99993785 0
0.6659073941 1.00017334 0
0.6661980122 0.99978863 0
0.6664886302 1.00003483 0
0.6670698664 0.99999488 0
0.6673604845 0.99976383 0
0.6676511026 0.99961509 0
0.6682323387 0.99981456 0
0.6685229568 1.00002019 0
0.6688135749 0.99984266 0
0.6693948111 1.00014219 0
0.6696854291 0.99989814 0
0.6699760472 1.00007482 0
0.6705572834 1.00020361 0
0.6708479015 0.99999108 0
0.6711385196 1.00016867 0
0.6720103738 1.00000539 0
0.6723009919 1.00031335 0
0.672882228 0.99987387 0
0.6731728461 1.00012976 0
0.6734634642 0.99976976 0
0.6740447004 0.99974756 0
0.6743353185 1.0002948 0
0.6746259365 0.99976754 0
0.6749165546 0.99983941 0
0.6754977908 0.99992933 0
0.6757884089 1.00006048 0
0.676369645 0.99993465 0
0.6766602631 1.00010875 0
0.6769508812 0.99983989 0
0.6772414993 0.99971501 0
0.6781133535 0.99999573 0
0.6786945897 0.99985581 0
0.6789852078 0.99966483 0
0.6795664439 1.00002961 0
0.6801476801 1.0001874 0
0.6804382982 0.99986631 0
0.6813101524 0.99977597 0
0.6816007705 1.00010822 0
0.6818913886 1.00041164 0
0.6824726248 0.99996772 0
0.6827632429 1.00003553 0
0.6830538609 1.00018407 0
0.6836350971 1.00008827 0
0.6839257152 1.00034912 0
0.6842163333 1.00014802 0
0.6847975694 0.99992361 0
0.6850881875 0.99976148 0
0.6853788056 0.99996315 0
0.6856694237 0.99975332 0
0.6862506598 1.00022627 0
0.6865412779 0.99991623 0
0.6871225141 1.00008917 0
0.6874131322 1.00018802 0
0.6877037503 0.9999988 0
0.6879943683 1.00010349 0
0.6885756045 1.00018005 0
0.6888662226 1.00022849 0
0.6894474587 1.00020666 0
0.6897380768 1.00038686 0
0.690319313 0.99956746 0
0.6909005492 1.00012658 0
0.6911911672 1.00007425 0
0.6914817853 0.99999238 0
0.6920630215 0.99986022 0
0.6923536396 0.99974971 0
0.6926442577 0.99958964 0
0.6932254938 0.99993606 0
0.6935161119 1.00006616 0
0.69380673 1.00020796 0
0.6943879661 1.00002361 0
0.6946785842 1.00003516 0
0.6949692023 0.99991966 0
0.6955504385 0.99977122 0
0.6958410566 1.0000248 0
0.6961316746 0.99984229 0
0.6964222927 0.9999957 0
0.6970035289 1.00003959 0
0.697294147 1.00022094 0
0.6978753831 1.00006725 0
0.6981660012 0.99977421 0
0.6984566193 1.00025687 0
0.6987472374 0.99996502 0
0.6996190916 0.99986367 0
0.7002003278 0.99976959 0
0.7004909459 1.00023621 0
0.700781564 1.00004437 0
0.701072182 1.00011409 0
0.7016534182 0.99961148 0
0.7019440363 0.9999889 0
0.7022346544 1.00012344 0
0.7028158905 0.99979786 0
0.7031065086 0.9999707 0
0.7033971267 0.99995388 0
0.7039783629 0.99993561 0
0.704268981 1.00022683 0
0.704559599 0.99995874 0
0.7051408352 0.99980003 0
0.7054314533 0.99990709 0
0.7057220714 1.00008365 0
0.7065939256 0.999946 0
0.7068845437 1.00058285 0
0.7074657799 1.00013935 0
0.708047016 0.99998253 0
0.7089188703 0.9999792 0
0.7092094884 1.00004964 0
0.7095001064 1.00005644 0
0.7100813426 1.00017877 0
0.7103719607 0.99997482 0
0.7109531968 1.00007982 0
0.7112438149 1.00003758 0
0.711534433 0.99976488 0
0.7118250511 0.999986 0
0.7124062873 1.0002149 0
0.7126969053 1.00020085 0
0.7132781415 0.99998385 0
0.7135687596 1.00001061 0
0.7138593777 1.00032144 0
0.7141499958 0.99987667 0
0.7147312319 0.99989209 0
0.71502185 0.99998347 0
0.7153124681 1.00010635 0
0.7158937043 1.0000574 0
0.7161843223 0.99989644 0
0.7170561766 0.99976589 0
0.7173467947 1.00003289 0
0.7182186489 1.0002055 0
0.718509267 0.99985058 0
0.7187998851 1.00000691 0
0.7193811212 1.00027288 0
0.7196717393 1.00016672 0
0.7199623574 0.99974836 0
0.7202529755 1.00006284 0
0.7208342117 0.99987874 0
0.7211248297 0.99972907 0
0.7217060659 1.00011533 0
0.721996684 1.00017365 0
0.7222873021 1.00020987 0
0.7225779201 0.99995937 0
0.7231591563 1.00028306 0
0.7234497744 0.99990026 0
0.7240310106 1.00001032 0
0.7243216286 0.99998607 0
0.7246122467 1.00004054 0
0.7249028648 1.00008101 0
0.725484101 1.00002313 0
0.7257747191 0.99981372 0
0.7260653371 1.00001987 0
0.7266465733 0.99988403 0
0.7269371914 1.00010396 0
0.7272278095 0.99996112 0
0.7278090456 0.99993685 0
0.7280996637 1.00000348 0
0.7283902818 1.00006449 0
0.728971518 1.00020831 0
0.729262136 0.99966588 0
0.7295527541 0.99994872 0
0.7301339903 0.9999143 0
0.7304246084 1.00005511 0
0.7307152265 0.99994842 0
0.7310058445 1.00016836 0
0.7315870807 0.99994852 0
0.7318776988 1.00002845 0
0.732458935 1.0002792 0
0.732749553 0.99979152 0
0.7330401711 0.9999026 0
0.7333307892 0.99975721 0
0.7339120254 0.99987269 0
0.7342026434 0.99995403 0
0.7347838796 1.00009126 0
0.7350744977 1.00003164 0
0.7353651158 1.00007041 0
0.7356557339 0.99987522 0
0.7365275881 1.00014824 0
0.7368182062 0.9998441 0
0.7373994424 1.00010857 0
0.7376900604 0.9998167 0
0.7379806785 1.00014194 0
0.7385619147 1.00015535 0
0.7388525328 0.99996473 0
0.7391431508 0.99996734 0
0.739724387 1.00017555 0
0.7400150051 0.99967411 0
0.7403056232 1.0001113 0
0.7408868593 0.99996203 0
0.7411774774 0.99995323 0
0.7414680955 1.00000266 0
0.7420493317 0.99997289 0
0.7423399498 1.00009038 0
0.7426305678 1.00002434 0
0.7435024221 1.00031273 0
0.7437930402 0.9998164 0
0.7440836582 0.99982605 0
0.7446648944 0.99983398 0
0.7449555125 0.99993411 0
0.7458273667 1.00002246 0
0.7461179848 1.00007746 0
0.7464086029 1.00001897 0
0.7469898391 0.99976859 0
0.7472804572 0.99962117 0
0.7478616933 0.99989423 0
0.7481523114 0.99987832 0
0.7484429295 1.0001905 0
0.7487335476 0.99975742 0
0.7493147837 1.00001915 0
0.7496054018 0.99959859 0
