#Spectral type: A0V
#desired params: z=0.0 T=9520 log_g=4.14
#real params: z=0.0 T=9500 log_g=4.00
#min=506.000000 max=1600000.000000
5.060000e+02 1.786569e-08
5.120000e+02 3.167252e-08
5.200000e+02 5.868718e-08
5.300000e+02 1.241601e-07
5.400000e+02 2.525618e-07
5.500000e+02 5.054789e-07
5.600000e+02 9.846888e-07
5.700000e+02 1.875188e-06
5.800000e+02 3.479605e-06
5.900000e+02 6.393378e-06
6.000000e+02 1.147144e-05
6.100000e+02 2.023471e-05
6.200000e+02 3.507494e-05
6.300000e+02 5.983076e-05
6.400000e+02 1.004829e-04
6.500000e+02 1.664391e-04
6.580001e+02 2.466005e-04
6.650000e+02 3.451633e-04
6.750000e+02 5.522403e-04
6.850000e+02 8.725679e-04
6.950000e+02 1.361385e-03
7.050000e+02 2.096092e-03
7.160000e+02 3.334354e-03
7.260000e+02 5.020585e-03
7.350000e+02 7.190463e-03
7.450000e+02 1.061178e-02
7.550000e+02 1.550805e-02
7.650000e+02 2.244772e-02
7.750000e+02 3.218634e-02
7.850000e+02 4.574197e-02
7.950000e+02 6.429795e-02
8.050000e+02 8.990604e-02
8.150000e+02 1.246136e-01
8.250000e+02 1.712549e-01
8.350000e+02 2.334759e-01
8.450000e+02 3.160731e-01
8.550000e+02 4.246962e-01
8.650000e+02 5.666376e-01
8.750000e+02 7.506316e-01
8.850000e+02 9.885491e-01
8.950000e+02 1.293119e+00
9.050000e+02 1.679918e+00
9.150000e+02 8.548628e+01
9.250000e+02 5.121993e+02
9.350000e+02 7.986871e+02
9.450000e+02 1.201749e+03
9.550000e+02 1.713911e+03
9.650000e+02 2.207851e+03
9.750000e+02 2.137233e+03
9.850000e+02 3.062652e+03
9.950000e+02 3.382992e+03
1.005000e+03 4.338634e+03
1.015000e+03 5.128632e+03
1.025000e+03 4.140494e+03
1.035000e+03 6.679846e+03
1.045000e+03 7.981880e+03
1.055000e+03 9.193979e+03
1.065000e+03 1.007936e+04
1.075000e+03 1.194779e+04
1.085000e+03 1.349570e+04
1.095000e+03 1.457813e+04
1.105000e+03 4.823964e+04
1.115000e+03 1.403287e+05
1.125000e+03 1.865636e+05
1.135000e+03 1.905285e+05
1.145000e+03 1.721059e+05
1.155000e+03 1.716096e+05
1.165000e+03 1.732062e+05
1.175000e+03 1.466455e+05
1.185000e+03 1.233407e+05
1.195000e+03 7.067793e+04
1.205000e+03 7.067984e+04
1.215000e+03 1.699750e+04
1.225000e+03 7.738335e+04
1.235000e+03 1.605549e+05
1.245000e+03 4.536733e+05
1.255000e+03 1.725924e+06
1.265000e+03 2.395433e+06
1.275000e+03 1.153140e+07
1.285000e+03 2.358636e+07
1.295000e+03 2.858346e+07
1.305000e+03 1.707075e+07
1.315000e+03 3.794482e+07
1.325000e+03 4.519371e+07
1.335000e+03 4.109479e+07
1.345000e+03 5.815605e+07
1.355000e+03 5.523048e+07
1.365000e+03 5.028330e+07
1.375000e+03 5.902750e+07
1.385000e+03 5.630458e+07
1.395000e+03 6.307540e+07
1.405000e+03 6.440215e+07
1.415000e+03 5.799153e+07
1.425000e+03 6.700769e+07
1.435000e+03 5.952020e+07
1.442000e+03 6.960955e+07
1.447000e+03 8.119695e+07
1.455000e+03 7.959649e+07
1.465000e+03 6.884528e+07
1.475000e+03 6.712707e+07
1.485000e+03 7.513852e+07
1.495000e+03 8.276009e+07
1.505000e+03 8.569899e+07
1.512000e+03 7.376102e+07
1.517000e+03 8.131510e+07
1.525000e+03 6.906327e+07
1.535000e+03 5.974988e+07
1.545000e+03 8.597475e+07
1.555000e+03 7.462084e+07
1.565000e+03 6.712538e+07
1.575000e+03 8.053774e+07
1.585000e+03 8.777993e+07
1.595000e+03 9.690940e+07
1.605000e+03 8.961008e+07
1.615000e+03 8.582733e+07
1.625000e+03 7.378745e+07
1.635000e+03 8.253409e+07
1.645000e+03 8.938842e+07
1.655000e+03 6.647258e+07
1.665000e+03 8.799448e+07
1.672000e+03 5.468121e+07
1.677000e+03 8.544966e+07
1.685000e+03 9.589079e+07
1.695000e+03 8.445743e+07
1.705000e+03 8.075206e+07
1.715000e+03 8.164986e+07
1.725000e+03 8.022483e+07
1.735000e+03 8.726352e+07
1.745000e+03 8.517997e+07
1.755000e+03 9.593339e+07
1.765000e+03 7.810636e+07
1.775000e+03 9.023834e+07
1.785000e+03 8.835751e+07
1.795000e+03 1.007109e+08
1.805000e+03 9.471264e+07
1.815000e+03 9.260486e+07
1.825000e+03 8.906137e+07
1.835000e+03 8.436430e+07
1.845000e+03 7.575059e+07
1.855000e+03 8.230970e+07
1.865000e+03 8.372341e+07
1.875000e+03 8.648686e+07
1.885000e+03 8.532675e+07
1.895000e+03 8.682364e+07
1.905000e+03 8.104995e+07
1.915000e+03 8.637764e+07
1.925000e+03 8.724846e+07
1.935000e+03 8.146206e+07
1.945000e+03 8.894783e+07
1.955000e+03 8.754146e+07
1.967000e+03 9.195654e+07
1.976000e+03 9.029390e+07
1.984000e+03 8.722331e+07
1.995000e+03 8.376994e+07
2.005000e+03 8.135452e+07
2.015000e+03 7.887426e+07
2.025000e+03 7.728962e+07
2.035000e+03 8.077386e+07
2.045000e+03 8.547369e+07
2.055000e+03 8.136455e+07
2.065000e+03 7.916665e+07
2.074000e+03 8.515828e+07
2.078000e+03 8.674926e+07
2.085000e+03 8.493545e+07
2.095000e+03 8.155236e+07
2.105000e+03 7.725779e+07
2.115000e+03 7.748483e+07
2.125000e+03 7.991921e+07
2.135000e+03 6.659155e+07
2.145000e+03 7.520075e+07
2.155000e+03 7.604819e+07
2.165000e+03 7.135111e+07
2.175000e+03 7.018525e+07
2.185000e+03 7.106960e+07
2.195000e+03 7.598686e+07
2.205000e+03 7.223161e+07
2.215000e+03 6.591252e+07
2.225000e+03 6.430623e+07
2.235000e+03 7.262840e+07
2.245000e+03 6.464856e+07
2.255000e+03 6.264955e+07
2.265000e+03 6.304340e+07
2.275000e+03 6.674494e+07
2.285000e+03 6.940820e+07
2.295000e+03 6.486142e+07
2.305000e+03 6.403820e+07
2.315000e+03 6.126902e+07
2.325000e+03 4.608682e+07
2.335000e+03 5.628198e+07
2.345000e+03 5.104232e+07
2.355000e+03 6.083632e+07
2.365000e+03 5.165303e+07
2.375000e+03 5.580603e+07
2.385000e+03 4.748417e+07
2.395000e+03 5.336532e+07
2.405000e+03 5.039724e+07
2.415000e+03 5.209041e+07
2.425000e+03 5.737738e+07
2.435000e+03 5.460065e+07
2.445000e+03 5.872950e+07
2.455000e+03 5.636181e+07
2.465000e+03 5.648391e+07
2.475000e+03 5.356161e+07
2.485000e+03 5.630008e+07
2.495000e+03 5.391369e+07
2.505000e+03 6.125522e+07
2.513000e+03 5.311786e+07
2.518000e+03 5.372532e+07
2.525000e+03 4.966859e+07
2.535000e+03 4.892282e+07
2.545000e+03 4.894801e+07
2.555000e+03 5.390895e+07
2.565000e+03 5.331306e+07
2.575000e+03 5.757808e+07
2.585000e+03 5.747173e+07
2.595000e+03 5.558963e+07
2.605000e+03 5.320840e+07
2.615000e+03 5.209816e+07
2.625000e+03 5.702383e+07
2.635000e+03 5.703133e+07
2.645000e+03 6.461367e+07
2.655000e+03 6.371634e+07
2.665000e+03 5.783388e+07
2.675000e+03 6.062434e+07
2.685000e+03 6.011613e+07
2.695000e+03 5.715515e+07
2.705000e+03 5.884430e+07
2.715000e+03 5.549334e+07
2.725000e+03 5.603552e+07
2.735000e+03 6.057220e+07
2.745000e+03 5.009723e+07
2.755000e+03 5.126296e+07
2.765000e+03 5.335667e+07
2.775000e+03 5.698441e+07
2.785000e+03 5.339450e+07
2.795000e+03 3.274487e+07
2.805000e+03 3.816275e+07
2.815000e+03 5.738748e+07
2.825000e+03 5.980482e+07
2.835000e+03 5.756966e+07
2.845000e+03 5.544353e+07
2.855000e+03 5.385874e+07
2.865000e+03 5.783443e+07
2.875000e+03 5.607914e+07
2.885000e+03 5.714850e+07
2.895000e+03 5.497434e+07
2.910000e+03 6.077976e+07
2.930000e+03 5.829407e+07
2.950000e+03 5.792623e+07
2.970000e+03 5.843424e+07
2.990000e+03 5.897830e+07
3.010000e+03 5.983960e+07
3.030000e+03 5.895376e+07
3.050000e+03 5.850712e+07
3.070000e+03 5.795514e+07
3.090000e+03 5.867116e+07
3.110000e+03 5.706597e+07
3.130000e+03 5.690814e+07
3.150000e+03 5.738756e+07
3.170000e+03 5.686815e+07
3.190000e+03 5.456170e+07
3.210000e+03 5.583263e+07
3.230000e+03 5.454031e+07
3.250000e+03 5.508022e+07
3.270000e+03 5.530341e+07
3.290000e+03 5.549622e+07
3.310000e+03 5.564941e+07
3.330000e+03 5.456168e+07
3.350000e+03 5.376780e+07
3.370000e+03 5.363571e+07
3.390000e+03 5.304405e+07
3.410000e+03 5.372283e+07
3.430000e+03 5.343118e+07
3.450000e+03 5.300971e+07
3.470000e+03 5.228778e+07
3.490000e+03 5.200878e+07
3.510000e+03 5.248804e+07
3.530000e+03 5.240891e+07
3.550000e+03 5.234916e+07
3.570000e+03 5.132679e+07
3.590000e+03 5.096988e+07
3.610000e+03 5.072466e+07
3.630000e+03 5.060468e+07
3.640000e+03 5.030427e+07
3.650000e+03 5.128737e+07
3.670000e+03 4.951319e+07
3.690000e+03 4.528147e+07
3.710000e+03 5.004424e+07
3.730000e+03 5.202454e+07
3.750000e+03 6.560535e+07
3.770000e+03 6.900102e+07
3.790000e+03 8.674391e+07
3.810000e+03 1.030162e+08
3.830000e+03 8.009011e+07
3.850000e+03 1.145098e+08
3.870000e+03 1.311988e+08
3.890000e+03 6.907177e+07
3.910000e+03 1.301151e+08
3.930000e+03 1.210521e+08
3.950000e+03 1.284807e+08
3.970000e+03 6.491536e+07
3.990000e+03 1.238683e+08
4.010000e+03 1.391692e+08
4.030000e+03 1.388444e+08
4.050000e+03 1.371871e+08
4.070000e+03 1.298176e+08
4.090000e+03 9.787095e+07
4.110000e+03 7.323139e+07
4.130000e+03 1.214238e+08
4.150000e+03 1.281769e+08
4.170000e+03 1.271432e+08
4.190000e+03 1.254152e+08
4.210000e+03 1.241690e+08
4.230000e+03 1.213701e+08
4.250000e+03 1.200344e+08
4.270000e+03 1.168278e+08
4.290000e+03 1.163469e+08
4.310000e+03 1.083500e+08
4.330000e+03 7.889701e+07
4.350000e+03 6.665376e+07
4.370000e+03 1.052472e+08
4.390000e+03 1.078286e+08
4.410000e+03 1.073486e+08
4.430000e+03 1.063528e+08
4.450000e+03 1.065404e+08
4.470000e+03 1.050801e+08
4.490000e+03 1.025913e+08
4.510000e+03 1.026706e+08
4.530000e+03 1.007746e+08
4.550000e+03 9.833842e+07
4.570000e+03 9.900743e+07
4.590000e+03 9.688050e+07
4.610000e+03 9.727193e+07
4.630000e+03 9.461975e+07
4.650000e+03 9.469092e+07
4.670000e+03 9.335302e+07
4.690000e+03 9.094344e+07
4.710000e+03 8.803470e+07
4.730000e+03 8.974182e+07
4.750000e+03 8.873056e+07
4.770000e+03 8.746318e+07
4.790000e+03 8.613172e+07
4.810000e+03 8.393842e+07
4.830000e+03 7.959190e+07
4.850000e+03 5.995175e+07
4.870000e+03 4.805212e+07
4.890000e+03 7.452022e+07
4.910000e+03 7.865863e+07
4.930000e+03 7.798607e+07
4.950000e+03 7.798140e+07
4.970000e+03 7.769667e+07
4.990000e+03 7.634585e+07
5.010000e+03 7.444074e+07
5.030000e+03 7.448426e+07
5.050000e+03 7.305786e+07
5.070000e+03 7.309376e+07
5.090000e+03 7.226601e+07
5.110000e+03 7.139846e+07
5.130000e+03 7.047922e+07
5.150000e+03 6.935761e+07
5.170000e+03 6.776494e+07
5.190000e+03 6.714716e+07
5.210000e+03 6.706288e+07
5.230000e+03 6.570254e+07
5.250000e+03 6.583574e+07
5.270000e+03 6.393440e+07
5.290000e+03 6.433904e+07
5.310000e+03 6.306431e+07
5.330000e+03 6.228294e+07
5.350000e+03 6.229724e+07
5.370000e+03 6.134024e+07
5.390000e+03 6.074323e+07
5.410000e+03 5.975819e+07
5.430000e+03 5.931496e+07
5.450000e+03 5.888930e+07
5.470000e+03 5.824037e+07
5.490000e+03 5.769056e+07
5.510000e+03 5.706280e+07
5.530000e+03 5.630217e+07
5.550000e+03 5.587022e+07
5.570000e+03 5.518193e+07
5.590000e+03 5.466962e+07
5.610000e+03 5.415842e+07
5.630000e+03 5.360079e+07
5.650000e+03 5.297180e+07
5.670000e+03 5.237025e+07
5.690000e+03 5.189802e+07
5.710000e+03 5.135831e+07
5.730000e+03 5.088452e+07
5.750000e+03 5.027364e+07
5.770000e+03 4.977523e+07
5.790000e+03 4.922069e+07
5.810000e+03 4.873620e+07
5.830000e+03 4.824057e+07
5.850000e+03 4.775496e+07
5.870000e+03 4.719613e+07
5.890000e+03 4.637663e+07
5.910000e+03 4.626605e+07
5.930000e+03 4.581415e+07
5.950000e+03 4.524809e+07
5.970000e+03 4.484713e+07
5.990000e+03 4.428986e+07
6.010000e+03 4.387875e+07
6.030000e+03 4.350735e+07
6.050000e+03 4.305138e+07
6.070000e+03 4.265772e+07
6.090000e+03 4.221852e+07
6.110000e+03 4.177910e+07
6.130000e+03 4.132146e+07
6.150000e+03 4.045351e+07
6.170000e+03 4.049054e+07
6.190000e+03 4.016835e+07
6.210000e+03 3.977522e+07
6.230000e+03 3.934360e+07
6.250000e+03 3.866303e+07
6.270000e+03 3.862951e+07
6.290000e+03 3.825570e+07
6.310000e+03 3.779784e+07
6.330000e+03 3.748698e+07
6.350000e+03 3.673081e+07
6.370000e+03 3.649959e+07
6.390000e+03 3.638772e+07
6.410000e+03 3.595013e+07
6.430000e+03 3.564756e+07
6.450000e+03 3.502930e+07
6.470000e+03 3.489946e+07
6.490000e+03 3.435287e+07
6.510000e+03 3.381143e+07
6.530000e+03 3.257802e+07
6.550000e+03 2.779389e+07
6.561248e+03 2.232372e+07
6.590000e+03 3.055007e+07
6.610000e+03 3.206151e+07
6.630000e+03 3.218119e+07
6.650000e+03 3.202368e+07
6.670000e+03 3.178451e+07
6.690000e+03 3.154930e+07
6.710000e+03 3.130293e+07
6.730000e+03 3.096910e+07
6.750000e+03 3.071888e+07
6.770000e+03 3.047107e+07
6.790000e+03 3.018805e+07
6.810000e+03 2.991433e+07
6.830000e+03 2.961906e+07
6.850000e+03 2.935884e+07
6.870000e+03 2.910833e+07
6.890000e+03 2.885071e+07
6.910000e+03 2.858453e+07
6.930000e+03 2.831936e+07
6.950000e+03 2.807082e+07
6.970000e+03 2.781457e+07
6.990000e+03 2.758546e+07
7.010000e+03 2.725655e+07
7.030000e+03 2.706815e+07
7.050000e+03 2.683293e+07
7.070000e+03 2.661500e+07
7.090000e+03 2.638487e+07
7.110000e+03 2.591395e+07
7.130000e+03 2.587178e+07
7.150000e+03 2.565208e+07
7.170000e+03 2.545128e+07
7.190000e+03 2.522754e+07
7.210000e+03 2.501820e+07
7.230000e+03 2.477980e+07
7.250000e+03 2.454723e+07
7.270000e+03 2.438100e+07
7.290000e+03 2.414462e+07
7.310000e+03 2.393442e+07
7.330000e+03 2.375350e+07
7.350000e+03 2.356165e+07
7.370000e+03 2.336528e+07
7.390000e+03 2.314792e+07
7.410000e+03 2.285298e+07
7.430000e+03 2.266870e+07
7.450000e+03 2.251253e+07
7.470000e+03 2.224767e+07
7.490000e+03 2.212700e+07
7.510000e+03 2.197190e+07
7.530000e+03 2.181481e+07
7.550000e+03 2.165246e+07
7.570000e+03 2.146391e+07
7.590000e+03 2.129012e+07
7.610000e+03 2.111722e+07
7.630000e+03 2.093742e+07
7.650000e+03 2.075019e+07
7.670000e+03 2.056591e+07
7.690000e+03 2.041193e+07
7.710000e+03 2.021871e+07
7.730000e+03 2.009027e+07
7.750000e+03 1.992273e+07
7.770000e+03 1.936103e+07
7.790000e+03 1.960753e+07
7.810000e+03 1.944795e+07
7.830000e+03 1.927191e+07
7.850000e+03 1.908336e+07
7.870000e+03 1.888552e+07
7.890000e+03 1.870940e+07
7.910000e+03 1.862515e+07
7.930000e+03 1.850376e+07
7.950000e+03 1.826594e+07
7.970000e+03 1.823428e+07
7.990000e+03 1.788109e+07
8.010000e+03 1.793460e+07
8.030000e+03 1.778519e+07
8.050000e+03 1.765449e+07
8.070000e+03 1.750635e+07
8.090000e+03 1.737327e+07
8.110000e+03 1.724015e+07
8.130000e+03 1.711440e+07
8.150000e+03 1.698116e+07
8.170000e+03 1.685015e+07
8.190000e+03 1.660058e+07
8.210000e+03 1.655445e+07
8.230000e+03 1.641124e+07
8.250000e+03 1.633619e+07
8.270000e+03 1.632998e+07
8.290000e+03 1.618496e+07
8.310000e+03 1.605750e+07
8.330000e+03 1.579372e+07
8.350000e+03 1.564791e+07
8.370000e+03 1.546782e+07
8.390000e+03 1.515814e+07
8.410000e+03 1.488266e+07
8.430000e+03 1.467271e+07
8.450000e+03 1.447248e+07
8.470000e+03 1.408022e+07
8.490000e+03 1.455124e+07
8.510000e+03 1.360535e+07
8.530000e+03 1.471074e+07
8.550000e+03 1.278263e+07
8.570000e+03 1.506257e+07
8.590000e+03 1.354151e+07
8.610000e+03 1.319968e+07
8.630000e+03 1.530455e+07
8.650000e+03 1.426110e+07
8.670000e+03 1.167195e+07
8.690000e+03 1.461103e+07
8.710000e+03 1.544531e+07
8.730000e+03 1.446509e+07
8.750000e+03 1.127300e+07
8.770000e+03 1.363741e+07
8.790000e+03 1.517666e+07
8.810000e+03 1.530878e+07
8.830000e+03 1.472782e+07
8.850000e+03 1.282536e+07
8.870000e+03 1.083693e+07
8.890000e+03 1.388760e+07
8.910000e+03 1.470655e+07
8.930000e+03 1.483681e+07
8.950000e+03 1.484911e+07
8.970000e+03 1.450438e+07
8.990000e+03 1.355892e+07
9.010000e+03 1.058399e+07
9.030000e+03 1.160025e+07
9.050000e+03 1.360236e+07
9.070000e+03 1.385247e+07
9.090000e+03 1.383261e+07
9.110000e+03 1.403159e+07
9.130000e+03 1.399549e+07
9.150000e+03 1.390288e+07
9.170000e+03 1.365996e+07
9.190000e+03 1.317859e+07
9.210000e+03 1.197023e+07
9.230000e+03 9.245700e+06
9.250000e+03 1.146537e+07
9.270000e+03 1.246899e+07
9.290000e+03 1.306402e+07
9.310000e+03 1.311575e+07
9.330000e+03 1.305784e+07
9.350000e+03 1.300075e+07
9.370000e+03 1.292085e+07
9.390000e+03 1.273854e+07
9.410000e+03 1.250491e+07
9.430000e+03 1.259384e+07
9.450000e+03 1.249419e+07
9.470000e+03 1.234906e+07
9.490000e+03 1.213559e+07
9.510000e+03 1.169054e+07
9.530000e+03 1.044854e+07
9.550000e+03 8.360955e+06
9.570000e+03 1.056623e+07
9.590000e+03 1.145453e+07
9.610000e+03 1.160679e+07
9.630000e+03 1.151313e+07
9.650000e+03 1.163375e+07
9.670000e+03 1.149342e+07
9.690000e+03 1.148414e+07
9.710000e+03 1.145805e+07
9.730000e+03 1.137717e+07
9.750000e+03 1.128973e+07
9.770000e+03 1.122579e+07
9.790000e+03 1.114499e+07
9.810000e+03 1.105849e+07
9.830000e+03 1.095895e+07
9.850000e+03 1.086518e+07
9.870000e+03 1.079180e+07
9.890000e+03 1.065037e+07
9.910000e+03 1.063006e+07
9.930000e+03 1.053074e+07
9.950000e+03 1.045648e+07
9.970000e+03 1.035810e+07
9.990000e+03 1.019058e+07
1.002500e+04 9.069588e+06
1.007500e+04 8.594916e+06
1.012500e+04 9.703832e+06
1.017500e+04 9.700760e+06
1.022500e+04 9.581255e+06
1.027500e+04 9.424361e+06
1.032500e+04 9.260507e+06
1.037500e+04 9.107767e+06
1.042500e+04 8.958216e+06
1.047500e+04 8.769898e+06
1.052500e+04 8.632359e+06
1.057500e+04 8.507128e+06
1.062500e+04 8.375190e+06
1.067500e+04 8.137571e+06
1.072500e+04 8.063838e+06
1.077500e+04 7.939852e+06
1.082500e+04 7.790801e+06
1.087500e+04 7.542214e+06
1.092500e+04 6.260974e+06
1.097500e+04 6.860556e+06
1.102500e+04 7.281352e+06
1.107500e+04 7.230191e+06
1.112500e+04 7.134602e+06
1.117500e+04 7.028667e+06
1.122500e+04 6.921640e+06
1.127500e+04 6.724957e+06
1.132500e+04 6.633397e+06
1.137500e+04 6.594134e+06
1.142500e+04 6.485459e+06
1.147500e+04 6.406175e+06
1.152500e+04 6.311570e+06
1.157500e+04 6.213296e+06
1.162500e+04 6.086369e+06
1.167500e+04 5.971332e+06
1.172500e+04 5.939421e+06
1.177500e+04 5.777685e+06
1.182500e+04 5.732700e+06
1.187500e+04 5.631896e+06
1.192500e+04 5.596955e+06
1.197500e+04 5.486737e+06
1.202500e+04 5.427918e+06
1.207500e+04 5.336808e+06
1.212500e+04 5.263927e+06
1.217500e+04 5.195875e+06
1.222500e+04 5.117916e+06
1.227500e+04 5.037303e+06
1.232500e+04 4.968243e+06
1.237500e+04 4.901854e+06
1.242500e+04 4.838568e+06
1.247500e+04 4.754106e+06
1.252500e+04 4.698935e+06
1.257500e+04 4.609706e+06
1.262500e+04 4.553175e+06
1.267500e+04 4.489888e+06
1.272500e+04 4.400697e+06
1.277500e+04 4.179568e+06
1.282500e+04 3.566878e+06
1.287500e+04 4.112395e+06
1.292500e+04 4.170392e+06
1.297500e+04 4.134062e+06
1.302500e+04 4.089281e+06
1.307500e+04 4.036249e+06
1.312500e+04 3.980843e+06
1.317500e+04 3.915091e+06
1.322500e+04 3.875205e+06
1.327500e+04 3.823621e+06
1.332500e+04 3.772701e+06
1.337500e+04 3.722435e+06
1.342500e+04 3.672184e+06
1.347500e+04 3.621952e+06
1.352500e+04 3.569685e+06
1.357500e+04 3.524017e+06
1.362500e+04 3.480950e+06
1.367500e+04 3.432375e+06
1.372500e+04 3.377413e+06
1.377500e+04 3.346785e+06
1.382500e+04 3.303895e+06
1.387500e+04 3.264275e+06
1.392500e+04 3.216979e+06
1.397500e+04 3.179726e+06
1.402500e+04 3.139857e+06
1.407500e+04 3.100474e+06
1.412500e+04 3.059869e+06
1.417500e+04 3.022009e+06
1.422500e+04 2.983487e+06
1.427500e+04 2.945800e+06
1.432500e+04 2.909299e+06
1.437500e+04 2.873965e+06
1.442500e+04 2.810624e+06
1.447500e+04 2.802028e+06
1.452500e+04 2.753664e+06
1.457000e+04 2.736503e+06
1.462000e+04 2.703541e+06
1.467500e+04 2.672293e+06
1.472500e+04 2.639408e+06
1.477500e+04 2.601037e+06
1.482500e+04 2.575123e+06
1.487500e+04 2.537068e+06
1.492500e+04 2.516885e+06
1.497500e+04 2.479106e+06
1.502500e+04 2.443443e+06
1.507500e+04 2.407368e+06
1.512500e+04 2.377480e+06
1.517500e+04 2.339099e+06
1.522500e+04 2.307183e+06
1.527500e+04 2.272728e+06
1.532500e+04 2.237711e+06
1.537500e+04 2.226208e+06
1.542500e+04 2.165407e+06
1.547500e+04 2.175505e+06
1.552500e+04 2.146041e+06
1.557500e+04 2.065350e+06
1.562500e+04 2.150139e+06
1.567500e+04 2.046135e+06
1.572500e+04 1.984390e+06
1.577500e+04 2.091428e+06
1.582500e+04 2.055367e+06
1.587500e+04 1.854983e+06
1.592500e+04 1.966798e+06
1.597500e+04 2.035107e+06
1.605000e+04 1.943887e+06
1.615000e+04 1.818636e+06
1.625000e+04 1.920585e+06
1.635000e+04 1.806970e+06
1.645000e+04 1.693183e+06
1.655000e+04 1.800697e+06
1.665000e+04 1.764048e+06
1.675000e+04 1.649994e+06
1.685000e+04 1.543159e+06
1.695000e+04 1.649312e+06
1.705000e+04 1.619785e+06
1.715000e+04 1.586220e+06
1.725000e+04 1.534458e+06
1.735000e+04 1.351998e+06
1.745000e+04 1.447895e+06
1.755000e+04 1.450767e+06
1.765000e+04 1.424700e+06
1.775000e+04 1.397692e+06
1.785000e+04 1.368123e+06
1.795000e+04 1.340060e+06
1.805000e+04 1.298427e+06
1.815000e+04 1.157332e+06
1.825000e+04 1.213229e+06
1.835000e+04 1.230250e+06
1.845000e+04 1.208539e+06
1.855000e+04 1.181640e+06
1.865000e+04 1.147556e+06
1.875000e+04 1.018749e+06
1.885000e+04 1.097040e+06
1.895000e+04 1.090738e+06
1.905000e+04 1.074853e+06
1.915000e+04 1.053692e+06
1.925000e+04 1.030268e+06
1.935000e+04 9.965954e+05
1.945000e+04 8.863115e+05
1.955000e+04 9.591089e+05
1.965000e+04 9.546599e+05
1.975000e+04 9.382948e+05
1.985000e+04 9.216365e+05
1.995000e+04 9.044409e+05
2.005000e+04 8.877476e+05
2.015000e+04 8.713682e+05
2.025000e+04 8.552223e+05
2.035000e+04 8.394056e+05
2.045000e+04 8.243519e+05
2.055000e+04 8.093546e+05
2.065000e+04 7.943433e+05
2.075000e+04 7.802307e+05
2.085000e+04 7.663689e+05
2.095000e+04 7.527184e+05
2.105000e+04 7.391901e+05
2.115000e+04 7.251086e+05
2.125000e+04 7.124101e+05
2.135000e+04 6.999501e+05
2.145000e+04 6.865038e+05
2.155000e+04 6.671436e+05
2.165000e+04 5.979093e+05
2.175000e+04 6.387883e+05
2.185000e+04 6.399223e+05
2.195000e+04 6.315558e+05
2.205000e+04 6.206490e+05
2.215000e+04 6.096135e+05
2.225000e+04 6.001509e+05
2.235000e+04 5.900487e+05
2.245000e+04 5.802293e+05
2.255000e+04 5.702864e+05
2.265000e+04 5.610908e+05
2.275000e+04 5.518453e+05
2.285000e+04 5.453012e+05
2.295000e+04 5.449941e+05
2.305000e+04 5.357375e+05
2.315000e+04 5.252916e+05
2.325000e+04 5.153258e+05
2.335000e+04 5.054212e+05
2.345000e+04 4.960021e+05
2.355000e+04 4.868944e+05
2.365000e+04 4.780977e+05
2.375000e+04 4.694716e+05
2.385000e+04 4.612182e+05
2.395000e+04 4.532174e+05
2.405000e+04 4.453920e+05
2.415000e+04 4.374348e+05
2.425000e+04 4.303239e+05
2.435000e+04 4.238168e+05
2.445000e+04 4.160339e+05
2.455000e+04 4.113389e+05
2.465000e+04 4.030606e+05
2.475000e+04 3.978852e+05
2.485000e+04 3.943598e+05
2.495000e+04 3.812859e+05
2.505000e+04 3.888743e+05
2.515000e+04 3.790339e+05
2.525000e+04 3.616139e+05
2.535000e+04 3.655904e+05
2.545000e+04 3.640492e+05
2.555000e+04 3.541933e+05
2.565000e+04 3.370245e+05
2.575000e+04 3.454343e+05
2.585000e+04 3.437648e+05
2.595000e+04 3.382450e+05
2.605000e+04 3.257657e+05
2.615000e+04 3.089441e+05
2.625000e+04 2.927897e+05
2.635000e+04 3.127147e+05
2.645000e+04 3.148079e+05
2.655000e+04 3.105490e+05
2.665000e+04 3.017726e+05
2.675000e+04 2.812517e+05
2.685000e+04 2.933797e+05
2.695000e+04 2.940282e+05
2.705000e+04 2.908337e+05
2.715000e+04 2.873306e+05
2.725000e+04 2.830492e+05
2.735000e+04 2.783289e+05
2.745000e+04 2.719700e+05
2.755000e+04 2.519867e+05
2.765000e+04 2.571843e+05
2.775000e+04 2.623347e+05
2.785000e+04 2.601677e+05
2.795000e+04 2.571712e+05
2.805000e+04 2.536794e+05
2.815000e+04 2.502258e+05
2.825000e+04 2.468430e+05
2.835000e+04 2.435531e+05
2.845000e+04 2.396797e+05
2.855000e+04 2.354755e+05
2.865000e+04 2.263441e+05
2.875000e+04 2.115547e+05
2.885000e+04 2.241764e+05
2.895000e+04 2.237002e+05
2.905000e+04 2.217386e+05
2.915000e+04 2.186770e+05
2.925000e+04 2.160394e+05
2.935000e+04 2.132447e+05
2.945000e+04 2.104872e+05
2.955000e+04 2.077793e+05
2.965000e+04 2.050945e+05
2.975000e+04 2.024623e+05
2.985000e+04 1.998819e+05
2.995000e+04 1.973104e+05
3.005000e+04 1.947228e+05
3.015000e+04 1.916595e+05
3.025000e+04 1.877183e+05
3.035000e+04 1.743200e+05
3.045000e+04 1.759357e+05
3.055000e+04 1.812160e+05
3.065000e+04 1.801117e+05
3.075000e+04 1.782887e+05
3.085000e+04 1.759591e+05
3.095000e+04 1.739114e+05
3.105000e+04 1.717536e+05
3.115000e+04 1.696005e+05
3.125000e+04 1.675099e+05
3.135000e+04 1.655307e+05
3.145000e+04 1.634551e+05
3.155000e+04 1.615653e+05
3.165000e+04 1.596283e+05
3.175000e+04 1.576564e+05
3.185000e+04 1.558138e+05
3.195000e+04 1.539321e+05
3.210000e+04 1.511806e+05
3.230000e+04 1.476279e+05
3.250000e+04 1.441544e+05
3.270000e+04 1.403072e+05
3.290000e+04 1.297453e+05
3.310000e+04 1.323977e+05
3.330000e+04 1.320250e+05
3.350000e+04 1.291038e+05
3.370000e+04 1.259108e+05
3.390000e+04 1.229707e+05
3.410000e+04 1.201069e+05
3.430000e+04 1.173494e+05
3.450000e+04 1.146887e+05
3.470000e+04 1.120032e+05
3.490000e+04 1.094613e+05
3.510000e+04 1.070157e+05
3.530000e+04 1.046122e+05
3.550000e+04 1.023009e+05
3.570000e+04 9.998436e+04
3.590000e+04 9.795266e+04
3.610000e+04 9.568221e+04
3.630000e+04 9.388170e+04
3.650000e+04 9.156620e+04
3.670000e+04 9.015697e+04
3.690000e+04 8.744476e+04
3.710000e+04 8.626638e+04
3.730000e+04 8.228937e+04
3.750000e+04 7.927882e+04
3.770000e+04 8.119124e+04
3.790000e+04 7.986451e+04
3.810000e+04 7.719080e+04
3.830000e+04 7.581402e+04
3.850000e+04 7.528255e+04
3.870000e+04 7.379962e+04
3.890000e+04 7.182777e+04
3.910000e+04 6.902244e+04
3.930000e+04 6.935593e+04
3.950000e+04 6.835113e+04
3.970000e+04 6.707379e+04
3.990000e+04 6.573101e+04
4.010000e+04 6.307852e+04
4.030000e+04 6.147974e+04
4.050000e+04 5.885516e+04
4.070000e+04 6.041824e+04
4.090000e+04 5.968016e+04
4.110000e+04 5.862571e+04
4.130000e+04 5.748061e+04
4.150000e+04 5.601138e+04
4.170000e+04 5.306191e+04
4.190000e+04 5.389987e+04
4.210000e+04 5.333371e+04
4.230000e+04 5.242843e+04
4.250000e+04 5.147520e+04
4.270000e+04 5.054575e+04
4.290000e+04 4.963751e+04
4.310000e+04 4.874593e+04
4.330000e+04 4.786666e+04
4.350000e+04 4.680038e+04
4.370000e+04 4.427203e+04
4.390000e+04 4.453809e+04
4.410000e+04 4.448759e+04
4.430000e+04 4.380462e+04
4.450000e+04 4.304268e+04
4.470000e+04 4.248114e+04
4.490000e+04 4.174474e+04
4.510000e+04 4.103267e+04
4.530000e+04 4.032602e+04
4.550000e+04 3.964473e+04
4.570000e+04 3.896838e+04
4.590000e+04 3.830587e+04
4.610000e+04 3.760373e+04
4.630000e+04 3.674004e+04
4.650000e+04 3.433391e+04
4.670000e+04 3.376753e+04
4.690000e+04 3.471159e+04
4.710000e+04 3.454649e+04
4.730000e+04 3.407815e+04
4.750000e+04 3.351127e+04
4.770000e+04 3.297255e+04
4.790000e+04 3.244327e+04
4.810000e+04 3.191839e+04
4.830000e+04 3.140591e+04
4.850000e+04 3.090399e+04
4.870000e+04 3.041082e+04
4.890000e+04 2.992782e+04
4.910000e+04 2.945323e+04
4.930000e+04 2.898999e+04
4.950000e+04 2.853634e+04
4.970000e+04 2.809056e+04
4.990000e+04 2.765099e+04
5.010000e+04 2.722354e+04
5.030000e+04 2.680200e+04
5.050000e+04 2.639070e+04
5.070000e+04 2.598651e+04
5.090000e+04 2.553986e+04
5.110000e+04 2.488876e+04
5.130000e+04 2.343963e+04
5.150000e+04 2.421955e+04
5.170000e+04 2.404662e+04
5.190000e+04 2.371620e+04
5.210000e+04 2.336098e+04
5.230000e+04 2.301462e+04
5.250000e+04 2.267285e+04
5.270000e+04 2.233831e+04
5.290000e+04 2.200952e+04
5.310000e+04 2.168771e+04
5.330000e+04 2.137143e+04
5.350000e+04 2.106058e+04
5.370000e+04 2.075376e+04
5.390000e+04 2.045479e+04
5.410000e+04 2.016096e+04
5.430000e+04 1.987089e+04
5.450000e+04 1.958706e+04
5.470000e+04 1.930811e+04
5.490000e+04 1.903520e+04
5.510000e+04 1.876573e+04
5.530000e+04 1.850089e+04
5.550000e+04 1.824181e+04
5.570000e+04 1.798476e+04
5.590000e+04 1.773212e+04
5.610000e+04 1.748741e+04
5.630000e+04 1.724691e+04
5.650000e+04 1.700937e+04
5.670000e+04 1.677475e+04
5.690000e+04 1.654532e+04
5.710000e+04 1.631985e+04
5.730000e+04 1.609712e+04
5.750000e+04 1.587937e+04
5.770000e+04 1.566424e+04
5.790000e+04 1.545282e+04
5.810000e+04 1.524618e+04
5.830000e+04 1.504200e+04
5.850000e+04 1.487437e+04
5.870000e+04 1.463542e+04
5.890000e+04 1.427775e+04
5.910000e+04 1.347804e+04
5.930000e+04 1.396365e+04
5.950000e+04 1.389016e+04
5.970000e+04 1.373488e+04
5.990000e+04 1.355512e+04
6.010000e+04 1.337953e+04
6.030000e+04 1.320700e+04
6.050000e+04 1.303645e+04
6.070000e+04 1.286787e+04
6.090000e+04 1.270324e+04
6.110000e+04 1.253948e+04
6.130000e+04 1.238060e+04
6.150000e+04 1.222351e+04
6.170000e+04 1.206819e+04
6.190000e+04 1.191561e+04
6.210000e+04 1.176571e+04
6.230000e+04 1.161750e+04
6.250000e+04 1.147286e+04
6.270000e+04 1.132887e+04
6.290000e+04 1.118933e+04
6.310000e+04 1.105039e+04
6.330000e+04 1.091298e+04
6.350000e+04 1.077894e+04
6.370000e+04 1.064730e+04
6.390000e+04 1.051617e+04
6.420000e+04 1.032489e+04
6.460000e+04 1.007555e+04
6.500000e+04 9.834225e+03
6.540000e+04 9.599793e+03
6.580000e+04 9.372058e+03
6.620000e+04 9.150828e+03
6.660000e+04 8.936770e+03
6.700000e+04 8.728833e+03
6.740000e+04 8.526849e+03
6.780000e+04 8.330647e+03
6.820000e+04 8.140068e+03
6.860000e+04 7.953995e+03
6.900000e+04 7.773972e+03
6.940000e+04 7.599124e+03
6.980000e+04 7.429152e+03
7.020000e+04 7.264158e+03
7.060000e+04 7.103168e+03
7.100000e+04 6.947430e+03
7.140000e+04 6.794725e+03
7.180000e+04 6.647028e+03
7.220000e+04 6.502178e+03
7.260000e+04 6.362753e+03
7.300000e+04 6.227187e+03
7.340000e+04 6.094329e+03
7.380000e+04 5.965016e+03
7.420000e+04 5.818354e+03
7.460000e+04 5.518723e+03
7.500000e+04 5.390896e+03
7.540000e+04 5.458098e+03
7.580000e+04 5.368909e+03
7.620000e+04 5.259293e+03
7.660000e+04 5.151925e+03
7.700000e+04 5.047388e+03
7.740000e+04 4.945359e+03
7.780000e+04 4.846028e+03
7.820000e+04 4.749082e+03
7.860000e+04 4.654584e+03
7.900000e+04 4.562416e+03
7.940000e+04 4.472462e+03
7.980000e+04 4.384729e+03
8.020000e+04 4.299163e+03
8.060000e+04 4.215656e+03
8.100000e+04 4.134216e+03
8.140000e+04 4.054625e+03
8.180000e+04 3.977007e+03
8.220000e+04 3.901262e+03
8.260000e+04 3.827292e+03
8.300000e+04 3.755055e+03
8.340000e+04 3.684187e+03
8.380000e+04 3.615087e+03
8.420000e+04 3.548035e+03
8.460000e+04 3.482508e+03
8.500000e+04 3.418314e+03
8.540000e+04 3.355529e+03
8.580000e+04 3.294224e+03
8.620000e+04 3.234265e+03
8.660000e+04 3.175722e+03
8.700000e+04 3.118466e+03
8.740000e+04 3.062467e+03
8.780000e+04 3.007748e+03
8.820000e+04 2.954233e+03
8.860000e+04 2.901847e+03
8.900000e+04 2.850709e+03
8.940000e+04 2.800699e+03
8.980000e+04 2.751698e+03
9.020000e+04 2.703824e+03
9.060000e+04 2.656962e+03
9.100000e+04 2.611091e+03
9.140000e+04 2.566235e+03
9.180000e+04 2.522328e+03
9.220000e+04 2.479350e+03
9.260000e+04 2.437283e+03
9.300000e+04 2.396109e+03
9.340000e+04 2.355807e+03
9.380000e+04 2.316318e+03
9.420000e+04 2.277669e+03
9.460000e+04 2.239841e+03
9.500000e+04 2.202777e+03
9.540000e+04 2.166379e+03
9.580000e+04 2.130922e+03
9.620000e+04 2.096059e+03
9.660000e+04 2.061941e+03
9.700000e+04 2.028515e+03
9.740000e+04 1.995765e+03
9.780000e+04 1.963639e+03
9.820000e+04 1.932165e+03
9.860000e+04 1.901369e+03
9.900000e+04 1.871160e+03
9.940000e+04 1.841527e+03
9.980000e+04 1.812459e+03
1.002000e+05 1.783984e+03
2.000000e+05 1.140928e+02
4.000000e+05 7.091715e+00
6.000000e+05 1.388356e+00
8.000000e+05 4.357123e-01
1.000000e+06 1.772027e-01
1.200000e+06 8.492656e-02
1.400000e+06 4.559015e-02
1.600000e+06 2.659481e-02
